1	20.3467	2.84274e-27
2	0.221798	0.143744
3	-0.0366231	0.00131419
4	-0.0115608	0.00187745
5	0.353775	0.0138609
6	0.0976846	0.143868
7	-0.173024	0.52873
8	0.218622	4.45412e-30
9	0.498143	4.52693e-05
10	-0.33774	0.0867925
1	10.6547	1.50381e-26
2	-0.151966	0.338243
3	0.278838	3.1586e-30
4	0.342713	2.44329e-29
5	0.369558	7.10686e-30
6	0.12465	2.08517e-30
7	0.0806502	0.113559
8	-0.339967	6.39617e-29
9	0.179691	2.68435e-30
10	0.401003	0.385919
1	-15.912	0.0407963
2	-0.453738	0.0382397
3	-0.228901	1.26344e-29
4	0.166299	0.00232214
5	0.300661	0.00292794
6	-0.412278	0.127221
7	0.550591	0.00774472
8	-0.188798	0.111662
9	-0.234011	1.62133e-29
10	0.15532	0.513668
1	9.6147	1.81935e-27
2	-0.297712	0.299628
3	-0.417243	0.264427
4	-0.0834792	0.00257777
5	0.0119716	0.00120012
6	0.00254467	1.16298e-06
7	0.0792911	0.30372
8	-0.15792	1.92786e-32
9	-0.471951	0.249793
10	0.317226	0.444299
1	-12.2119	0.979678
2	-0.00614429	0.0117054
3	-0.0939134	0.0
4	0.0927903	1.3281e-30
5	0.296717	0.0477946
6	0.00266949	4.81964e-33
7	-0.14166	1.70346e-30
8	-0.364962	8.29627e-29
9	0.23511	1.16666e-29
10	0.413222	9.1254e-29
1	2.72234	0.262353
2	-0.478733	6.48531e-29
3	-0.0870624	0.0599558
4	-0.223803	0.123606
5	-0.10651	5.57151e-32
6	-0.311645	0.0492555
7	0.0377601	1.51144e-31
8	0.540687	0.037117
9	0.754289	0.0581269
10	-0.166864	3.88733e-30
1	7.06356	0.495585
2	-0.425151	9.33083e-30
3	0.636188	0.130804
4	0.181943	0.578106
5	-0.626382	0.00456746
6	-0.0073314	0.562275
7	-0.169235	0.653234
8	0.0278969	0.365009
9	-0.201944	2.77612e-30
10	0.21609	4.45412e-30
1	-4.673	0.0603183
2	0.338654	0.33032
3	0.280032	4.44178e-31
4	-0.32968	0.174289
5	-0.042893	0.318442
6	-0.204985	0.220675
7	0.371021	1.46856e-29
8	0.246174	5.97173e-30
9	-0.0316187	0.01323
10	0.234541	1.24378e-29
1	-3.56902	0.00625842
2	0.31162	1.03765e-29
3	0.356181	7.71143e-30
4	0.19313	5.57151e-30
5	0.0632881	0.00328966
6	0.186482	0.32151
7	-0.408427	2.33471e-29
8	0.279336	0.214625
9	-0.422106	0.2466
10	-0.117436	2.50544e-30
1	1.9265	0.00406884
2	-0.573834	0.0898113
3	-0.0215555	0.00413195
4	-0.159175	1.97413e-31
5	0.276372	0.00107247
6	-0.515734	0.00104202
7	-0.0596107	0.131374
8	-0.0838543	0.363027
9	-0.296254	1.3603e-30
10	0.284891	0.00464612
1	5.30568	3.33627e-27
2	0.260712	0.583342
3	-0.02199	7.90542e-32
4	-0.114432	2.68435e-30
5	0.0734186	0.0673401
6	0.287852	0.105385
7	-0.249644	0.205237
8	0.279951	0.0191847
9	-0.0010271	0.00727073
10	0.495234	0.000920664
1	11.498	0.213514
2	0.0705575	0.000191229
3	-0.46319	0.00519889
4	-0.314949	3.66478e-29
5	-0.0397907	0.000213395
6	0.02544	6.42097e-32
7	0.544673	0.104249
8	-0.0376584	1.08442e-32
9	-0.238068	0.000148037
10	-0.444647	0.317384
1	8.65906	0.00217635
2	-0.364857	0.00134299
3	0.167338	1.3603e-30
4	0.119066	0.258725
5	-0.186881	0.000188669
6	-0.125345	1.5537
7	-0.14319	0.413315
8	-0.358458	0.5754
9	-0.0749991	4.44178e-31
10	-0.56758	0.000510788
1	-22.0068	0.000210961
2	0.304602	0.000764078
3	0.0632169	0.00365079
4	0.310674	0.579982
5	-0.30843	6.94029e-31
6	-0.14814	1.42584e-30
7	0.184676	0.00125356
8	-0.040099	0.163655
9	0.287005	4.36806e-29
10	-0.383736	2.66785e-29
1	4.88537	0.0013634
2	-0.292147	0.0181319
3	-0.308272	0.0242115
4	0.788008	5.97173e-30
5	-0.216678	0.0109735
6	0.0118384	0.0524738
7	0.561798	1.68911e-29
8	-0.304623	0.000195625
9	0.0117238	0.111399
10	0.232535	0.0861245
1	-2.38081	1.04431e-28
2	0.377255	0.603372
3	0.32128	3.14657e-29
4	-0.180574	2.77612e-30
5	0.299371	0.335416
6	-0.266213	2.78383e-29
7	0.0357154	2.09944e-31
8	0.408115	2.12496e-29
9	0.0692859	0.000203847
10	-0.18956	0.000921248
1	13.0036	0.00218123
2	-0.0122958	0.106317
3	0.132962	0.110886
4	-0.250606	2.12496e-29
5	-0.503595	0.0537643
6	-0.135285	4.44178e-31
7	-0.0395169	2.36163e-33
8	0.0851087	9.4465e-33
9	0.421413	6.39617e-29
10	0.381386	6.84806e-29
1	-15.6962	9.90538e-27
2	-0.130532	0.334986
3	-0.111337	0.117942
4	0.144531	2.00574e-30
5	0.377604	6.31539e-05
6	-0.695978	1.87665e-29
7	0.102705	0.665053
8	-0.215656	0.000349703
9	0.0959269	2.50544e-30
10	0.675623	0.0105297
1	7.7185	0.994655
2	-0.543204	0.164977
3	-0.672307	0.00311416
4	-0.486533	0.000187277
5	0.191876	0.00878733
6	0.461278	4.69163e-30
7	-0.145127	4.57211e-30
8	-0.449302	2.39619e-07
9	0.418447	5.21293e-29
10	-0.194315	0.0147378
1	-10.5421	0.00950438
2	-0.194586	8.34068e-30
3	-0.0455867	1.07881
4	-0.148592	2.4985e-31
5	0.701711	0.107897
6	0.268416	4.69163e-30
7	0.408029	0.255365
8	0.479018	0.0670109
9	-0.0570027	0.00777582
10	0.131469	0.000352051
1	3.42427	0.00142329
2	-0.0727015	4.62879e-31
3	-0.390063	0.056882
4	0.08633	5.01436e-31
5	0.130583	0.000659318
6	-0.190943	4.58567e-05
7	-0.496342	0.0836331
8	-0.292841	0.000941399
9	-0.294165	1.03765e-29
10	0.369774	3.02319e-29
1	8.51576	0.834849
2	-0.293914	1.11045e-29
3	0.375945	0.0166749
4	0.249423	4.13506e-05
5	0.573669	0.000220624
6	-0.142625	0.0443244
7	0.180277	6.10822e-30
8	0.0223889	0.435454
9	-0.193507	0.473175
10	0.0609195	0.155889
1	10.8655	0.00520614
2	0.830269	0.0143086
3	0.477414	0.124564
4	0.00696733	1.26077
5	-0.135276	3.7786e-30
6	-0.369488	0.604678
7	0.217514	8.91441e-31
8	-0.20186	2.66785e-29
9	0.0898254	2.36163e-31
10	0.129104	0.00552129
1	21.3691	0.247583
2	0.163597	2.78383e-31
3	-0.175032	0.00277343
4	-0.165081	0.263285
5	-0.271128	0.245747
6	0.366307	0.000245003
7	0.363825	7.40606e-30
8	-0.223296	0.006405
9	0.252025	0.322307
10	-0.0975148	4.10942e-30
1	6.05601	0.00152723
2	0.168565	0.0165665
3	-0.264868	2.08517e-30
4	-0.148051	0.000408164
5	0.357719	0.000104208
6	-0.407081	0.00189919
7	0.277953	3.08457e-33
8	-0.420614	0.228518
9	-0.396123	0.0200974
10	0.264767	0.147421
1	9.96858	3.1586e-30
2	-0.416281	0.170047
3	0.0768899	0.00489031
4	-0.68138	0.0577619
5	0.162408	2.08517e-30
6	-0.307051	0.0733609
7	-0.123363	0.028379
8	0.235981	1.26344e-29
9	0.281249	5.9597e-29
10	0.275856	3.65075e-05
1	14.2879	0.127888
2	0.0294935	7.71143e-32
3	-0.0524673	7.05644e-31
4	-0.107437	5.57151e-32
5	-0.484411	7.22068e-29
6	-0.643935	0.00837663
7	-0.167763	0.00177219
8	0.514068	0.0159164
9	0.172158	0.295898
10	0.403324	1.92786e-30
1	-24.424	0.0720642
2	0.0490185	0.000761522
3	0.232716	2.2286e-29
4	0.469658	0.126684
5	-0.233276	0.00104894
6	0.370759	0.205219
7	-0.562901	8.99461e-30
8	0.216874	0.00135961
9	-0.151384	0.0194321
10	0.506788	0.0162233
1	3.27104	0.0212022
2	0.214392	0.0126267
3	-0.41239	0.00163563
4	-0.373238	0.00255723
5	-0.59143	0.0409797
6	-0.207999	1.11353e-30
7	0.217544	0.0603328
8	0.34142	0.00136343
9	-0.453408	1.97413e-29
10	-0.336104	0.105752
1	-10.8687	0.00734156
2	0.0884872	0.000261876
3	0.0343409	2.33271e-32
4	-0.526222	0.327214
5	-0.406111	0.0221418
6	0.0836594	1.0221
7	-0.524755	0.127169
8	-0.0393154	0.513703
9	-0.439382	9.1249e-05
10	-0.101443	2.68435e-30
1	7.35022	1.11822e-26
2	-0.378825	0.191163
3	-0.105967	2.63904e-30
4	-0.017937	3.91476e-32
5	-0.261168	0.431366
6	-0.123787	1.40541e-31
7	0.340588	0.00564781
8	-0.406991	0.0147426
9	-0.210264	0.304294
10	-0.191741	0.0219269
1	-28.1315	0.00171352
2	0.517109	0.0937514
3	0.0802446	0.287142
4	-0.00736218	0.0617642
5	0.670171	8.49985e-29
6	-6.48384e-05	0.15616
7	-0.638118	0.00319406
8	0.0599481	0.0633702
9	-0.101302	0.251235
10	-0.0871033	0.0154967
1	14.7996	0.0816305
2	0.406482	0.000101679
3	-0.163757	0.0130316
4	-0.487211	0.299797
5	-0.0777658	1.3281e-30
6	-0.136291	1.92786e-32
7	0.281843	0.05512
8	0.261124	0.228127
9	0.258393	0.000107194
10	0.178569	0.268222
1	36.5889	2.13522e-25
2	-0.296166	0.000319131
3	0.271149	0.70295
4	-0.424001	0.0822806
5	-0.072414	0.0515892
6	0.0889734	0.0131769
7	0.474981	0.0640775
8	-0.231642	0.383654
9	0.000931616	0.0
10	-0.309199	7.89651e-31
1	13.3162	4.70126e-26
2	0.276813	0.0287316
3	0.422589	1.34364e-29
4	-0.268507	0.163716
5	0.636829	0.300547
6	-0.0351552	0.00126387
7	0.373864	0.362675
8	-0.0727517	0.910025
9	0.0444871	0.00523819
10	0.330927	0.00192499
1	0.223626	0.0436153
2	0.354945	0.000342806
3	-0.101496	0.0137362
4	-0.0456317	0.0331126
5	-0.135445	8.02297e-30
6	0.110948	0.0578781
7	-0.826686	0.054259
8	0.223784	0.0563806
9	0.384195	0.00678832
10	-0.197279	0.00660504
1	0.22035	0.00188191
2	0.153999	7.86643e-30
3	0.281104	2.96242e-29
4	-0.0547979	0.763722
5	0.421237	0.0427924
6	-0.495019	2.96242e-29
7	-0.485354	0.143167
8	0.662749	0.0853477
9	0.51234	0.28318
10	-0.611924	2.11737e-28
1	-6.99117	0.049679
2	0.392838	2.55433e-29
3	0.0351232	0.000263217
4	-0.189983	0.160077
5	0.0552637	0.265465
6	0.283008	2.4985e-29
7	-0.0101381	0.252083
8	0.215146	0.113038
9	0.32428	0.000197584
10	-0.0613162	0.286101
1	22.0441	0.0151082
2	-0.361734	2.55433e-29
3	0.0252238	2.59479e-07
4	0.0285441	1.67772e-31
5	0.246654	1.75828e-29
6	-0.78909	0.059813
7	0.0462018	1.02736e-30
8	0.112771	0.00321577
9	0.753356	1.11045e-31
10	0.52121	9.19234e-05
1	-23.5666	0.376314
2	0.17405	0.0672114
3	0.0717263	0.549823
4	-0.490324	5.53866e-29
5	-0.132344	3.25808e-30
6	0.0532654	6.8251e-31
7	-0.486901	0.0260993
8	0.372268	0.220055
9	-0.291075	1.46856e-29
10	-0.65672	0.00110807
1	11.7762	0.292409
2	0.426517	0.00313415
3	-0.0740149	0.449181
4	0.179121	9.50125e-30
5	-0.268484	4.93532e-30
6	0.374526	2.12496e-29
7	-0.250956	0.0339193
8	0.0823711	0.00344995
9	-0.765733	0.0710437
10	-0.0159387	1.11045e-31
1	9.59176	1.85609e-05
2	0.0859255	0.0291359
3	-0.100212	1.77671e-30
4	0.159584	0.112155
5	0.183483	0.00232842
6	0.175332	0.00850296
7	0.163271	0.00339552
8	-0.0574149	0.000461521
9	0.330702	0.155453
10	-0.54021	0.000476173
1	3.91721	2.43232e-27
2	0.160673	1.70346e-30
3	-0.681283	1.06714e-28
4	-0.41813	8.09515e-29
5	-0.0354115	0.216287
6	0.353552	2.38869e-29
7	-0.314375	0.0119764
8	0.266928	0.697825
9	-0.364414	0.307858
10	0.356179	0.153134
1	25.6628	1.07001
2	-0.177221	0.222485
3	0.783704	0.025831
4	-0.666136	7.50662e-29
5	0.0347425	0.00756715
6	-0.0438508	8.50185e-32
7	-0.523595	0.0621539
8	-0.0283275	5.9919e-31
9	-0.585783	0.00033876
10	0.0303052	0.784731
1	15.4144	0.000226144
2	0.572759	0.129941
3	-0.0743019	0.156553
4	0.427901	0.312698
5	0.44135	0.00272281
6	-0.167948	1.17291e-30
7	-0.3499	0.000797683
8	-0.503022	1.86666e-28
9	0.0468152	5.31366e-31
10	-0.499522	0.00976106
1	1.45255	0.382525
2	0.593555	0.260725
3	0.336502	0.0368361
4	-0.504618	0.159848
5	0.250309	2.17647e-29
6	0.0983263	0.257618
7	0.275747	0.00658893
8	0.354657	0.54923
9	0.0928967	0.000165203
10	-0.229685	3.4986e-29
1	-15.7819	0.00192173
2	0.00885634	7.23248e-33
3	-0.0572717	0.553475
4	0.0585622	2.29463e-31
5	-0.347814	0.240621
6	-0.369632	4.69163e-30
7	-0.316779	0.0286127
8	-0.615232	0.0610981
9	0.38564	0.0704289
10	0.707061	0.0386095
1	9.52644	0.0794404
2	-0.370852	0.265901
3	0.532789	0.0900169
4	0.127862	3.08457e-31
5	0.202854	0.000179937
6	0.391029	0.265403
7	0.149345	0.000650823
8	-0.00189509	2.75642e-33
9	0.572189	4.1506e-29
10	0.192848	0.000118846
1	-5.72703	0.101351
2	0.391475	3.14657e-29
3	-0.27847	0.243861
4	-0.0654743	1.77671e-30
5	0.375488	0.0708078
6	0.0402903	0.00113057
7	-0.286112	0.000959059
8	-0.143735	4.57211e-30
9	0.582849	4.29496e-29
10	-0.50327	0.00198749
1	21.1393	1.70438e-05
2	0.633496	0.0459798
3	0.171022	2.96427e-30
4	0.377928	0.234441
5	-0.169013	0.00201566
6	0.0909034	1.63174e-30
7	0.190143	6.95957e-30
8	-0.00197075	0.000486706
9	0.15137	0.539796
10	-0.107428	1.85151e-30

