1	871	14.8166	0.00436763
2	871	0.0	0.0
3	871	0.0	0.0
4	871	-0.000194883	8.24151e-06
5	871	0.0	0.0
1	882	15.0114	6.6845e-27
2	882	0.0	0.0
3	882	0.0	0.0
4	882	0.0	0.0
5	882	0.0	0.0
1	504	8.65609	0.0284317
2	504	0.0	0.0
3	504	0.0	0.0
4	504	0.0	0.0
5	504	0.0	0.0
1	591	9.79567	2.84471e-27
2	591	0.0	0.0
3	591	0.0	0.0
4	591	0.0	0.0
5	591	0.0	0.0
1	641	10.4611	1.37666e-26
2	641	0.0	0.0
3	641	0.0	0.0
4	641	0.0	0.0
5	641	0.0	0.0
1	455	7.6517	9.13932e-28
2	455	0.0	0.0
3	455	0.0	0.0
4	455	0.0	0.0
5	455	0.0	0.0
1	266	4.09498	3.88e-29
2	266	0.0	0.0
3	266	0.0	0.0
4	266	0.0	0.0
5	266	0.0	0.0
1	321	4.92247	2.84877e-29
2	321	0.0	0.0
3	321	0.0	0.0
4	321	0.0	0.0
5	321	0.0	0.0
1	910	15.3986	2.21776e-05
2	910	0.0	0.0
3	910	0.0	0.0
4	910	0.0	0.0
5	910	0.0	0.0
1	951	20.9774	3.73033
2	951	-0.000510569	0.000247907
3	951	-0.0010222	0.000993684
4	951	0.000295425	8.29996e-05
5	951	0.00234677	0.00523748
1	468	8.65941	1.0274e-26
2	468	-0.128125	7.41913e-31
3	468	0.0593334	9.7709e-32
4	468	0.15578	1.29777e-30
5	468	-0.229549	4.08399e-31
1	880	14.7717	7.01337e-26
2	880	0.0	0.0
3	880	0.0	0.0
4	880	0.0	0.0
5	880	0.0	0.0
1	227	2.54239	2.39686e-29
2	227	0.0	0.0
3	227	0.0	0.0
4	227	0.0	0.0
5	227	0.0	0.0
1	249	3.30696	2.42563e-28
2	249	0.0	0.0
3	249	0.0	0.0
4	249	0.0	0.0
5	249	0.0	0.0
1	975	18.0972	5.50369e-26
2	975	0.0	0.0
3	975	0.0	0.0
4	975	0.0	0.0
5	975	0.0	0.0
1	697	12.7582	4.56301e-27
2	697	-0.145641	1.73583e-31
3	697	-0.0427522	0.0627479
4	697	0.205216	1.5121e-31
5	697	0.171226	2.50653e-30
1	935	16.2064	5.67198e-26
2	935	0.0	0.0
3	935	0.0	0.0
4	935	0.0	0.0
5	935	0.0	0.0
1	915	16.1231	3.0338e-26
2	915	0.0	0.0
3	915	0.0	0.0
4	915	0.0	0.0
5	915	0.0	0.0
1	1014	20.6269	3.4163e-26
2	1014	0.0	0.0
3	1014	0.0	0.0
4	1014	0.0	0.0
5	1014	0.0	0.0
1	450	7.12839	2.22085e-27
2	450	0.0	0.0
3	450	0.0	0.0
4	450	0.0	0.0
5	450	0.0	0.0
1	233	3.07829	2.39659e-29
2	233	0.0	0.0
3	233	0.0	0.0
4	233	0.0	0.0
5	233	0.0	0.0
1	566	9.37904	8.22184e-27
2	566	0.0	0.0
3	566	0.0	0.0
4	566	0.0	0.0
5	566	0.0	0.0
1	726	11.8612	2.39165e-26
2	726	0.0	0.0
3	726	0.0	0.0
4	726	0.0	0.0
5	726	0.0	0.0
1	151	1.02098	4.96325e-30
2	151	0.0	0.0
3	151	0.0	0.0
4	151	0.0	0.0
5	151	0.0	0.0
1	582	9.37159	3.44219e-27
2	582	0.0	0.0
3	582	0.0	0.0
4	582	0.0	0.0
5	582	0.0	0.0
1	394	8.13425	2.66048e-27
2	394	0.0751214	0.131883
3	394	0.365828	2.50236e-31
4	394	0.373309	7.72332e-30
5	394	0.0362127	6.25589e-32
1	890	15.6625	5.50423e-26
2	890	0.0	0.0
3	890	0.0	0.0
4	890	0.0	0.0
5	890	0.0	0.0
1	871	14.8257	9.12971e-28
2	871	0.0	0.0
3	871	0.0	0.0
4	871	0.0	0.0
5	871	0.0	0.0
1	343	5.29576	1.97792e-29
2	343	0.0	0.0
3	343	0.0	0.0
4	343	0.0	0.0
5	343	0.0	0.0
1	512	8.73476	5.31468e-27
2	512	0.0	0.0
3	512	0.0	0.0
4	512	0.0	0.0
5	512	0.0	0.0
1	997	20.7052	1.31208
2	997	0.0	0.0
3	997	0.0	0.0
4	997	0.0	0.0
5	997	0.0	0.0
1	915	16.7943	0.023913
2	915	0.0	0.0
3	915	0.0	0.0
4	915	0.0	0.0
5	915	0.0	0.0
1	890	16.4261	0.289507
2	890	0.0	0.0
3	890	0.0	0.0
4	890	0.0	0.0
5	890	0.0	0.0
1	593	9.60585	2.8447e-29
2	593	0.0	0.0
3	593	-0.00137697	0.00112435
4	593	0.0	0.0
5	593	0.0	0.0
1	943	16.5341	1.46063e-26
2	943	0.0	0.0
3	943	0.0	0.0
4	943	0.0	0.0
5	943	0.0	0.0
1	135	0.0	0.0
2	135	0.0	0.0
3	135	0.0	0.0
4	135	0.0	0.0
5	135	0.0	0.0
1	444	6.90454	1.32907e-27
2	444	0.0	0.0
3	444	0.0	0.0
4	444	0.0	0.0
5	444	0.0	0.0
1	723	11.9483	1.33502e-26
2	723	0.0	0.0
3	723	0.0	0.0
4	723	0.0	0.0
5	723	0.0	0.0
1	383	6.24695	1.60163e-27
2	383	0.0	0.0
3	383	0.0	0.0
4	383	0.0	0.0
5	383	0.0	0.0
1	929	16.0591	0.153423
2	929	0.0	0.0
3	929	0.0	0.0
4	929	0.0	0.0
5	929	0.0	0.0
1	829	14.5855	1.63776e-26
2	829	0.012351	5.90528e-34
3	829	-0.240438	1.66671e-29
4	829	0.237901	6.38715e-30
5	829	0.0835678	9.99608e-31
1	800	13.1994	9.21279e-27
2	800	0.0	0.0
3	800	0.0	0.0
4	800	0.0	0.0
5	800	0.0	0.0
1	243	2.95959	6.41618e-29
2	243	0.0	0.0
3	243	0.0	0.0
4	243	0.0	0.0
5	243	0.0	0.0
1	922	19.028	0.0599301
2	922	0.0547654	0.0546075
3	922	-0.12403	0.0558513
4	922	-0.206884	2.15082e-29
5	922	0.199417	5.0599e-30
1	573	8.87319	8.54724e-27
2	573	0.00678977	0.00289404
3	573	0.0	0.0
4	573	0.0	0.0
5	573	0.0	0.0
1	739	12.4357	5.05555e-29
2	739	0.0	0.0
3	739	0.0	0.0
4	739	0.0	0.0
5	739	0.0	0.0
1	138	0.200429	1.74599e-31
2	138	0.0	0.0
3	138	0.0	0.0
4	138	0.0	0.0
5	138	0.0	0.0
1	936	17.4912	0.00352212
2	936	-0.000322846	9.75587e-05
3	936	-0.000526973	0.000259928
4	936	-0.00238442	0.00532158
5	936	-0.000272068	6.92836e-05
1	605	9.92845	0.264892
2	605	0.0	0.0
3	605	0.0	0.0
4	605	0.0	0.0
5	605	0.0	0.0
1	932	15.9422	6.91911e-26
2	932	0.0	0.0
3	932	0.0	0.0
4	932	0.0	0.0
5	932	0.0	0.0

