1	0.58075	0.101981
2	0.330651	0.0162323
3	0.0855012	0.560801
4	-0.0746156	0.0231676
5	0.287862	0.0418877
1	0.5509	0.00328125
2	0.392152	0.142854
3	0.1919	0.227514
4	-0.687957	0.00630934
5	0.0688786	0.000204308
1	0.311364	1.23383e-30
2	0.241721	0.264561
3	-0.273724	0.27187
4	-0.43797	0.0230799
5	0.00774244	0.0
1	0.349706	5.10827e-05
2	-0.593507	1.23383e-28
3	-0.458223	0.0108847
4	-0.479106	1.18571e-29
5	0.279352	6.24626e-30
1	0.292926	0.000978546
2	-0.738766	0.0614674
3	-0.0243857	0.00313247
4	0.376098	0.191818
5	-0.0978028	0.00232941
1	-0.213	0.728475
2	0.38748	0.106811
3	0.082321	0.1252
4	-0.27112	0.19673
5	-0.136455	0.146099
1	-0.0800046	0.340263
2	-0.0830853	0.300785
3	-0.373804	7.89651e-31
4	0.0842442	3.25808e-32
5	0.538165	0.154764
1	0.492584	0.0248167
2	0.543511	0.240713
3	0.112166	0.190147
4	0.182792	0.568257
5	-0.725891	0.210633
1	-0.0808322	2.93227e-31
2	-0.0488476	6.71087e-31
3	-0.114352	0.0029376
4	-0.166244	6.95957e-30
5	-0.120256	9.41585e-30
1	-0.339842	0.0113222
2	-0.138013	2.00574e-30
3	0.405965	0.134447
4	0.417587	0.324322
5	-0.116122	0.393021
1	-0.325932	0.346523
2	0.435871	0.105481
3	0.322228	0.445075
4	0.266076	0.0982905
5	0.4359	0.334949
1	0.478488	5.9597e-29
2	0.0325127	3.08457e-33
3	0.117229	0.26703
4	0.252424	0.000950528
5	0.511975	0.000516764
1	-0.0889718	0.166873
2	-0.250659	0.0759837
3	-0.0999181	3.24073e-31
4	0.107489	0.096132
5	-0.107462	0.0928896
1	-0.26421	2.28135e-29
2	0.0441353	5.31366e-31
3	0.396717	0.0581413
4	0.29938	0.00211676
5	0.44671	0.0453015
1	-0.332993	1.63174e-30
2	-0.0389194	0.114091
3	0.102389	8.1452e-31
4	-0.207589	1.20491e-29
5	0.183113	0.253899
1	-0.171012	3.46166e-30
2	-0.365776	3.40074e-29
3	-0.261687	0.203322
4	0.134135	1.11013
5	-0.266901	2.12496e-29
1	0.0758463	4.81964e-31
2	-0.443879	0.0121219
3	-0.132834	0.337318
4	0.225596	1.32336e-29
5	-0.350579	0.0672861
1	0.0489974	4.16851e-31
2	-0.439993	0.0417834
3	0.626	0.201414
4	0.357233	8.99461e-30
5	-0.089169	0.273244
1	0.125543	5.57151e-30
2	-0.182575	5.21293e-31
3	0.404935	5.29343e-29
4	0.210362	0.149315
5	-0.059397	0.376636
1	0.0506371	0.185896
2	-0.439889	0.121074
3	0.229154	0.0289983
4	-0.381015	0.379988
5	-0.350572	0.0422285
1	-0.581169	0.0386564
2	-0.703316	0.038945
3	0.00444029	0.0
4	-0.578916	0.000226888
5	-0.0967711	7.89651e-31
1	0.218825	0.00156381
2	-0.445469	0.323375
3	0.354018	0.216407
4	0.504282	4.57182e-06
5	-0.129544	0.211244
1	-0.217069	0.295525
2	0.0468997	0.234295
3	0.102298	0.531796
4	0.537841	0.370999
5	-0.285789	0.66621
1	-0.368855	1.97413e-29
2	-0.337216	2.02379e-29
3	-0.163325	0.571165
4	-0.294832	5.70523e-29
5	-0.254218	0.187039
1	0.316576	0.177114
2	0.0153617	0.287173
3	0.539603	0.0137023
4	-0.422317	0.29243
5	-0.332208	0.441116
1	-0.185301	0.00437631
2	0.657271	0.174748
3	-0.586524	0.00250904
4	0.00422208	0.110425
5	0.269379	0.102029
1	0.572473	0.145047
2	-0.403219	3.7786e-30
3	0.070067	2.91666e-30
4	-0.034749	0.886116
5	-0.313172	5.97173e-30
1	-0.448226	4.1506e-29
2	0.0406197	4.62879e-31
3	0.178749	2.59413e-30
4	-0.243789	2.08517e-30
5	-0.311131	1.73507e-29
1	0.37362	6.24626e-30
2	0.274506	0.000171668
3	-0.155887	0.368531
4	0.482316	5.70523e-29
5	0.581757	1.49293e-30
1	0.505613	1.43914e-28
2	0.564274	0.0573646
3	-0.0908629	0.0356102
4	0.0303738	0.248378
5	0.11666	0.00132098
1	0.385359	0.425849
2	-0.103695	3.3084e-30
3	0.648702	0.109452
4	-0.466044	0.0135321
5	0.490756	1.39944e-28
1	0.862671	0.172463
2	-0.209316	0.13936
3	-0.358361	0.0128671
4	-0.273375	0.251303
5	0.366793	0.106026
1	-0.0709963	0.344105
2	-0.0556874	0.0699849
3	0.148807	0.256978
4	0.373643	0.216637
5	0.182656	0.031864
1	-0.265715	0.121488
2	0.341	0.484338
3	-0.366195	0.00606471
4	-0.113404	0.482418
5	0.135156	3.18207e-05
1	0.313658	0.205382
2	0.228819	1.66636e-29
3	0.516081	0.166504
4	0.300912	4.93532e-30
5	0.155625	9.16195e-30
1	-0.314249	0.213764
2	-0.208261	0.508478
3	0.203302	0.260247
4	0.165205	4.93532e-30
5	-0.109143	0.319972
1	-0.0343115	1.99668e-05
2	0.425133	1.49293e-30
3	0.0713446	0.0225688
4	0.506065	0.0958011
5	0.640229	6.57507e-29
1	-0.59528	0.207185
2	-0.561759	0.237541
3	-0.0903544	2.2072e-30
4	0.0791925	0.0907365
5	-0.0896235	0.000532929
1	-0.480363	6.94029e-31
2	0.0256867	0.200619
3	-0.175857	0.0618789
4	-0.651356	4.44178e-31
5	-0.309965	0.304318
1	-0.0754833	1.73507e-31
2	0.271639	8.66456e-30
3	0.114638	2.82258e-30
4	-0.0493846	0.220557
5	0.128677	1.70346e-30
1	-0.463014	0.259622
2	-0.0458745	5.31366e-31
3	-0.0655722	0.00029494
4	0.35136	0.152933
5	-0.531401	0.00468399
1	-0.0115414	0.410775
2	-0.22003	1.22427e-29
3	0.0248874	6.95957e-32
4	-0.053655	4.33768e-32
5	0.174844	7.71143e-30
1	-0.0471667	5.41535e-31
2	0.40186	0.0962311
3	-0.234324	1.22427e-29
4	-0.303066	4.45412e-30
5	0.23406	0.265756
1	0.165704	0.165929
2	0.509178	0.00595902
3	-0.626652	0.0289927
4	0.013407	0.0544991
5	-0.0846531	0.219395
1	-0.086306	0.402936
2	-0.207976	0.0374297
3	-0.153724	0.244065
4	-0.48569	0.102624
5	0.235573	0.0969356
1	0.0739482	0.000172227
2	0.160337	0.710478
3	0.250276	0.539459
4	0.0159446	0.293296
5	0.042227	0.0004762
1	-0.168323	0.103609
2	0.274766	0.166868
3	-0.160923	0.345225
4	-0.133295	0.206686
5	0.0831072	0.00673039
1	-0.46062	0.224196
2	-0.485053	0.0473404
3	0.229423	0.000963872
4	0.15564	0.0589811
5	-0.414513	0.115084
1	0.375615	0.000151672
2	0.145563	3.40074e-31
3	-0.0286487	4.07935e-31
4	0.153095	0.00116033
5	0.382345	0.00255292
1	-0.00904872	0.238924
2	-0.342972	0.297241
3	-0.406253	0.00673138
4	-0.409851	0.313778
5	0.550738	0.128591

