1	0.61949	8.99461e-30
2	-0.268003	0.272646
3	-0.35323	1.63174e-30
4	0.214703	2.00574e-30
5	0.476942	0.146133
6	-0.208683	0.459725
7	-0.137359	3.7786e-32
8	0.102656	0.0839207
9	-0.315107	0.00300487
10	-0.487519	0.0130086
1	-0.391373	0.0154124
2	0.295909	0.635116
3	-0.144513	4.93532e-30
4	0.38316	0.464864
5	-0.0995651	2.59413e-30
6	0.0525404	7.71143e-32
7	-0.218577	0.0
8	0.393677	0.0158447
9	-0.426444	0.0387406
10	0.283427	1.30323e-29
1	-0.0173165	0.531685
2	0.039839	0.26889
3	0.15154	0.00260682
4	0.398582	5.21293e-29
5	-0.426645	0.172434
6	-0.679811	0.00773067
7	0.0179651	0.00766499
8	-0.394049	0.062292
9	0.00170556	0.814211
10	0.306484	0.0
1	-0.0132196	3.3846e-32
2	-0.0180909	0.24263
3	-0.017134	0.174032
4	-0.274124	0.151868
5	0.196812	0.296726
6	-0.372324	0.0104395
7	0.0207713	0.44893
8	-0.301635	0.141909
9	-0.101752	8.48501e-05
10	0.0501725	0.000320887
1	0.300736	0.121824
2	-0.0135662	1.6509e-06
3	-0.277085	0.380694
4	-0.132114	1.23383e-30
5	0.360603	0.149183
6	0.0452614	0.333309
7	0.079602	6.26361e-31
8	-0.277905	0.00367391
9	-0.39046	3.86929e-29
10	-0.0341088	0.648205
1	-0.0915305	0.363835
2	0.250925	0.00151045
3	0.117527	0.0270671
4	0.224616	0.236746
5	0.286357	1.97413e-31
6	0.317314	0.00057064
7	0.136712	0.00101713
8	-0.519684	2.4985e-29
9	-0.021152	4.05332e-32
10	-0.175454	0.00141071
1	-0.157466	0.000190668
2	-0.447462	0.103382
3	0.179099	0.229695
4	-0.278981	0.00250147
5	0.204716	1.59904e-29
6	-0.36728	4.69163e-30
7	0.5188	0.162035
8	-0.0837083	0.0404795
9	0.139095	0.0884614
10	0.0265093	0.0739801
1	0.304451	0.132887
2	-0.212883	0.142604
3	-0.41864	0.00102525
4	0.424319	1.46728e-08
5	-0.0764699	0.00551598
6	-0.162083	0.0308267
7	-0.291669	0.00842301
8	-0.0980907	1.07224e-05
9	0.496391	0.000424791
10	0.170823	0.0939059
1	0.493818	0.000107578
2	0.125081	2.77612e-30
3	-0.119406	4.57211e-30
4	0.190375	0.00576202
5	0.398892	4.59108e-29
6	0.095229	7.17356e-31
7	-0.121522	6.17705e-30
8	-0.51235	4.42453e-05
9	-0.431266	0.552149
10	-0.0507521	0.00249971
1	0.0179274	3.91476e-32
2	-0.531635	9.1254e-29
3	0.148087	0.901568
4	-0.0667336	1.56156e-32
5	0.0776608	0.00247051
6	-0.167422	2.86942e-30
7	0.0314825	4.72863e-05
8	-0.233396	0.232454
9	-0.503272	0.236054
10	-0.550337	4.59108e-29
1	-0.402009	4.45412e-30
2	0.522651	0.00825804
3	-0.175574	2.92496e-05
4	0.132446	0.16381
5	0.0203538	0.0111007
6	0.23813	0.339808
7	-0.236354	0.102208
8	-0.117488	0.301822
9	-0.344955	0.0377364
10	0.126834	0.277022
1	0.082213	0.0240805
2	-0.189126	2.36108e-05
3	0.202459	0.000742228
4	0.482071	3.08457e-33
5	0.261859	0.0580052
6	-0.0500833	5.62163e-31
7	-0.0550307	0.000872089
8	0.0859536	6.48531e-31
9	0.0975629	0.0728786
10	0.509497	0.199444
1	0.395839	0.0001684
2	0.0282459	0.0011423
3	-0.0338888	0.00349453
4	-0.309115	0.0051586
5	0.31644	0.572555
6	-0.0913094	0.00503175
7	0.560632	0.124377
8	-0.228967	0.188649
9	-0.409811	0.0024304
10	-0.300009	0.123559
1	-0.136165	0.00122117
2	-0.196801	0.248667
3	-0.0397916	3.56461e-31
4	-0.239309	0.000306769
5	0.0877622	0.0787791
6	-0.23295	0.630914
7	-0.495524	3.59785e-29
8	0.11905	0.559928
9	-0.236929	2.4985e-29
10	-0.0283621	1.85267e-31
1	0.158596	0.106662
2	-0.307164	0.00152541
3	-0.14878	0.0930627
4	-0.324301	6.94029e-31
5	-0.385158	0.140719
6	-0.229502	1.18571e-29
7	-0.0901683	2.54959e-30
8	0.0510549	6.71087e-31
9	-0.169525	0.0430522
10	-0.184692	0.15693
1	-0.422091	0.561133
2	0.108083	0.144404
3	-0.0543394	0.0154908
4	0.0370618	0.00181534
5	-0.0402792	0.00075156
6	0.354936	5.70523e-29
7	-0.18293	1.66636e-29
8	0.365674	7.70033e-29
9	0.479982	1.38466e-29
10	0.143607	4.57211e-30
1	-0.0489937	2.29463e-31
2	-0.250026	3.67744e-06
3	0.192469	0.0396032
4	0.331363	2.90227e-29
5	-0.0197435	1.11045e-31
6	0.0247504	0.0519431
7	0.0279578	0.287964
8	0.271495	1.34364e-29
9	0.264904	4.04004
10	-0.065754	0.000630961
1	0.403243	5.70337e-30
2	0.0833099	0.18723
3	0.120908	0.328218
4	-0.378219	6.39617e-29
5	-0.0933458	0.695156
6	-0.150584	2.24865e-30
7	-0.0320169	0.0298708
8	0.562118	0.196021
9	0.494216	0.155638
10	0.247253	0.288602
1	-0.355503	0.0571136
2	-0.245324	0.00996837
3	0.324578	7.13961e-05
4	-0.633405	0.00240561
5	0.225387	3.76634e-29
6	-0.649604	1.20928e-28
7	0.142067	0.0443112
8	-0.150555	1.36408e-29
9	-0.194705	0.411993
10	-0.450248	0.279366
1	-0.276998	0.0752101
2	0.0616583	0.342724
3	0.000633828	0.000340267
4	0.0484098	0.00268081
5	0.0258176	4.18526e-05
6	0.0603787	1.11045e-31
7	0.55017	0.00477427
8	-0.662287	0.188322
9	-0.48044	2.55433e-29
10	-0.264911	0.191396
1	0.114994	0.221918
2	-0.294164	0.00130853
3	0.540223	0.321069
4	-0.370386	7.50662e-29
5	0.275361	2.90227e-29
6	-0.178267	4.57211e-30
7	-0.346149	0.153328
8	-0.121927	0.000236832
9	0.31793	0.568292
10	-0.162055	0.145811
1	-0.204058	3.74427e-05
2	-0.036469	0.00149796
3	0.526219	0.0736921
4	-0.254911	8.66456e-30
5	-0.0212731	1.9434e-31
6	0.0905304	0.00682632
7	0.148709	0.00136287
8	-0.0749258	1.01984e-31
9	0.454739	3.8005e-29
10	0.238996	0.0145147
1	0.777779	6.57507e-29
2	-0.540243	0.068329
3	-0.309306	0.0310947
4	-0.572729	0.0901197
5	-0.0657056	0.175093
6	0.425386	0.0305928
7	-0.321193	1.49293e-30
8	-0.00699828	0.560709
9	0.102864	0.208997
10	-0.283388	0.241325
1	-0.676719	0.066108
2	0.521971	6.57507e-29
3	-0.0572423	1.2493e-30
4	0.424801	0.00152472
5	-0.914363	1.83643e-28
6	0.11629	0.00239865
7	-0.126868	2.59413e-30
8	-0.208467	0.155245
9	-0.376557	3.73233e-29
10	-0.191663	0.0277429
1	0.260207	0.454884
2	-0.816987	0.00679699
3	-0.625627	0.0658441
4	0.353722	0.00388331
5	0.470212	1.14897e-28
6	0.48817	1.01054e-28
7	-0.592357	0.0884166
8	0.147127	7.41069e-31
9	-0.348343	0.00955623
10	-0.0890252	0.526942
1	-0.145797	0.139615
2	-0.372818	0.0129706
3	0.0836348	0.000671792
4	0.0600371	2.24865e-30
5	0.405551	0.00701534
6	-0.119036	1.05569e-30
7	-0.067917	1.3603e-30
8	0.960378	2.20773e-05
9	0.118429	0.000906175
10	-0.0251749	6.59809e-32
1	-0.628791	0.000661146
2	-0.729218	3.08457e-31
3	0.148434	3.40838e-05
4	-0.0442276	1.20491e-31
5	-0.258784	0.00426337
6	-0.199401	0.075616
7	0.124986	1.70346e-30
8	0.000265092	0.0
9	0.475471	0.0356742
10	0.671334	0.0675988
1	-0.148704	0.268939
2	-0.109516	0.160222
3	0.385706	0.226832
4	0.487181	1.01054e-28
5	0.113886	0.583049
6	-0.233754	1.24378e-29
7	-0.763076	0.0349872
8	-0.115551	2.06252e-05
9	-0.0484132	6.26361e-31
10	0.546692	1.1371e-28
1	-0.503286	0.106784
2	0.155164	3.88733e-30
3	-0.0704099	0.0259339
4	-0.406913	0.0699766
5	0.169482	0.238456
6	0.28313	0.00180085
7	0.0761035	0.61004
8	0.530597	0.248522
9	0.00410516	0.14404
10	0.0580496	1.73507e-31
1	0.00179155	0.0
2	0.113809	0.0022097
3	-0.349313	0.0842995
4	0.0537951	0.474204
5	-0.153	1.05569e-30
6	0.273975	8.99461e-30
7	0.9019	0.0310081
8	-0.0879371	0.000205331
9	0.122509	0.126295
10	0.258761	0.172792
1	0.0317558	0.144902
2	-0.338601	0.000563117
3	0.305231	9.67322e-30
4	0.122563	2.4985e-31
5	0.494217	8.7059e-29
6	-0.213485	0.47353
7	-0.260939	0.000430584
8	0.194887	6.24626e-32
9	0.483733	5.62163e-29
10	-0.0692447	0.483333
1	0.146612	0.319648
2	0.0502511	0.0510299
3	0.27123	0.563385
4	-0.367221	0.0711917
5	0.0953904	0.277874
6	-0.0144853	0.0379233
7	-0.233462	2.17647e-29
8	-0.523988	2.11737e-28
9	0.0071277	0.218003
10	0.279911	6.04576e-31
1	-0.224571	0.0469908
2	-0.556176	9.57939e-05
3	-0.419819	0.132158
4	-0.00208239	1.77141e-33
5	-0.313174	0.254112
6	0.519193	5.21293e-29
7	0.131753	0.00188953
8	0.100644	0.422728
9	0.651022	0.208234
10	-0.403224	0.3711
1	-0.345778	0.000772572
2	-0.154659	4.33768e-30
3	0.392168	0.0919189
4	0.343911	0.380999
5	-0.215388	0.000347439
6	-0.225755	2.17647e-29
7	-0.039659	0.000876006
8	0.121758	0.136234
9	-0.125169	1.05562e-29
10	-0.164006	1.23383e-30
1	-0.272403	1.56307e-05
2	-0.0308012	0.606546
3	0.247775	1.34599
4	-0.32136	0.180783
5	-0.072322	2.77612e-32
6	0.40146	0.246942
7	0.778794	3.19821e-28
8	0.566437	0.121971
9	0.545253	3.56577e-30
10	0.0356749	0.000723084
1	-0.088635	1.62133e-31
2	-0.0665585	0.153351
3	0.465508	5.44119e-30
4	-0.124055	0.867325
5	-0.171617	0.134396
6	0.207458	1.11045e-29
7	0.196022	0.255693
8	0.0779077	3.25808e-32
9	-0.236763	5.3124e-30
10	-0.163339	0.113658
1	-0.0928542	5.18517e-30
2	-0.448882	0.187219
3	-0.220652	0.410046
4	-0.129817	0.331731
5	-0.376013	0.0542579
6	-0.00150171	0.205842
7	0.235148	3.33627e-29
8	0.468329	0.00611509
9	0.00639408	8.7838e-33
10	0.316589	0.000863569
1	0.6252	6.57507e-29
2	-0.223035	0.267946
3	0.26443	0.363839
4	0.19041	1.17291e-30
5	-0.247651	5.70337e-30
6	0.133877	1.02505
7	-0.265636	4.97511e-29
8	0.0993924	2.50544e-30
9	0.0559553	1.31481
10	-0.0138295	2.66165e-32
1	-0.228942	1.71201e-29
2	0.181751	0.253397
3	-0.337498	7.10686e-30
4	0.209945	0.0315308
5	0.0928689	4.25864e-31
6	-0.200568	0.176238
7	0.0134434	0.401338
8	-0.500348	0.0345099
9	0.177291	2.33271e-30
10	-0.0865804	5.57151e-32
1	0.105219	9.4465e-33
2	-0.175251	0.239984
3	0.440088	0.00584705
4	0.358016	0.0844171
5	0.0171075	2.89299e-32
6	-0.190427	1.09202e-29
7	0.170325	0.277963
8	-0.224198	0.236266
9	-0.179244	0.00921904
10	-0.108731	0.340295
1	0.171394	7.89651e-31
2	-0.250457	3.8114e-05
3	-0.0702573	9.4465e-33
4	0.185969	0.00982021
5	-0.0931221	4.05332e-30
6	-0.134851	4.57129e-05
7	-0.377487	1.11045e-31
8	-0.178243	0.275759
9	-0.480998	0.00983037
10	-0.267046	0.00056454
1	0.208564	0.000713245
2	-0.0827085	0.00485124
3	-0.301407	0.144201
4	-0.221925	0.000174471
5	0.124347	4.44178e-31
6	0.0376888	0.539033
7	0.337551	0.180202
8	0.0307681	2.71105e-31
9	-0.065856	1.23383e-30
10	-0.185104	0.0016247
1	0.103541	5.55689e-05
2	0.15861	0.504551
3	0.0656189	1.4592e-30
4	-0.165042	0.366639
5	-0.412867	0.00464166
6	-0.300819	0.00380492
7	-0.0327554	3.90391e-31
8	0.115382	7.03302e-30
9	0.327882	1.14777e-29
10	0.0827792	0.237701
1	-0.255108	0.175951
2	-0.146934	7.41069e-31
3	0.546842	0.0792203
4	-0.516618	1.43914e-28
5	-0.0131082	0.118098
6	-0.331237	0.489518
7	0.0134408	0.00119736
8	-0.14128	0.00215989
9	-0.537487	1.25863e-28
10	-0.398965	0.013761
1	-0.167065	0.000218403
2	-0.105171	0.00115043
3	0.550646	0.16095
4	0.196498	0.0153119
5	0.348811	0.0080649
6	0.401402	1.26344e-29
7	-0.387701	1.3603e-30
8	0.128326	0.400747
9	-0.252861	0.1227
10	0.558042	1.68911e-29
1	0.219385	0.169191
2	0.864246	0.119258
3	0.199372	6.94029e-33
4	0.0405146	3.00794e-31
5	0.65729	0.00952381
6	0.0340705	0.179098
7	0.26406	1.00218e-29
8	-0.195667	0.068935
9	-0.21575	1.18571e-29
10	-0.33999	0.00278545
1	-0.409811	0.160467
2	0.21072	0.453384
3	0.149632	0.00481339
4	0.387456	2.77612e-32
5	-0.149603	0.012768
6	0.509198	0.148018
7	-0.519267	1.41261e-28
8	-0.227159	1.30323e-29
9	0.0949494	0.0
10	0.207348	1.18757e-06
1	0.0301892	0.00183445
2	0.0638169	2.37531e-30
3	0.363458	3.40074e-29
4	-0.414822	0.176526
5	0.12559	0.092736
6	-0.0654506	4.44178e-31
7	-0.0566855	0.0215792
8	-0.749392	0.000216571
9	0.184119	3.56577e-30
10	-0.183896	0.0626047
1	-0.313018	0.000300944
2	-0.0217384	1.30323e-31
3	-0.435397	3.08457e-29
4	0.363745	0.129761
5	0.802337	0.0616875
6	-0.325347	0.291128
7	-0.296701	0.491182
8	-0.0615959	0.153621
9	0.210803	0.15088
10	0.319122	0.00132872
1	0.407111	0.243911
2	-0.272966	0.0523085
3	0.156662	0.13773
4	0.327537	0.155669
5	-0.446683	0.149063
6	-0.378276	4.22247e-29
7	0.357588	0.170109
8	-0.465123	3.38111e-05
9	-0.500704	0.027903
10	0.129786	1.11353e-30

