1	0.374693	0.355319
2	-0.383161	0.0298852
3	0.171289	3.46166e-30
4	0.170688	0.000992216
5	0.148123	1.62133e-29
6	0.209626	0.0033416
7	0.158188	0.00545081
8	0.147309	6.04576e-31
9	0.0807808	0.284266
10	0.0848629	2.37531e-30
1	0.398836	0.00994992
2	0.117992	1.92786e-30
3	-0.823665	1.02173e-28
4	-0.20574	1.99888e-29
5	0.13191	6.24626e-32
6	0.0934044	6.94029e-31
7	0.410503	1.59904e-29
8	0.0975917	1.85151e-30
9	-0.169348	3.08457e-31
10	0.299008	0.00418912
1	-0.503352	7.89651e-29
2	0.255399	0.000750971
3	0.61018	0.0495005
4	0.327725	0.2429
5	0.0402872	3.24073e-31
6	-0.025914	0.119258
7	0.574635	0.0870033
8	0.36041	0.00156809
9	0.0233052	7.71143e-34
10	-0.268765	1.38466e-29
1	-0.411919	0.144777
2	0.0931208	0.00805895
3	0.0578239	0.15211
4	-0.59112	3.1586e-30
5	0.126141	0.00196228
6	-0.0275621	4.37367e-05
7	0.302427	5.70523e-29
8	-0.320739	0.341867
9	0.210721	3.7786e-32
10	0.1296	0.0900036
1	0.323045	0.0169109
2	0.23654	2.33271e-30
3	0.0986786	6.94029e-31
4	-0.127054	0.35344
5	0.607839	0.00105126
6	0.0933787	0.694157
7	-0.25258	0.321395
8	0.242085	0.414953
9	0.302791	0.294636
10	-0.161821	0.36027
1	-0.0163512	9.75978e-32
2	-0.0513422	8.98534e-05
3	0.00791788	0.40877
4	-0.162287	0.401701
5	-0.00466076	5.90406e-34
6	0.200176	0.0923433
7	0.274218	1.03765e-29
8	-0.303139	6.57507e-29
9	0.0813399	0.159831
10	-0.343391	0.410782
1	0.204945	1.62133e-29
2	0.513158	0.131866
3	0.647622	6.52696e-30
4	-0.258176	0.0624947
5	0.192401	4.22278e-30
6	0.0190587	0.877706
7	0.299436	0.0330438
8	0.00177773	0.566595
9	-0.180377	0.286214
10	-0.680174	5.37456e-29
1	-0.396081	2.44329e-29
2	0.145208	4.81964e-31
3	-0.122053	1.23383e-30
4	-0.080327	0.496298
5	0.260201	0.23951
6	0.382781	0.1943
7	-0.267588	2.77612e-30
8	-0.13131	0.747267
9	0.198625	7.40606e-30
10	0.374943	8.09515e-29
1	-0.32747	3.20919e-29
2	-0.693738	0.000719661
3	-0.400025	6.24626e-30
4	0.401041	9.1254e-29
5	0.164435	5.97173e-30
6	0.53266	7.10686e-30
7	-0.357649	4.22247e-29
8	0.176312	0.432577
9	0.455774	6.39617e-29
10	0.231717	2.30795e-29
1	-0.244761	0.522308
2	-0.0888377	1.62133e-31
3	0.403283	0.0316101
4	0.21364	0.464069
5	0.215146	9.33083e-32
6	-0.251754	0.186334
7	0.201148	0.167695
8	-0.427939	1.11045e-29
9	0.702968	5.21293e-29
10	-0.160548	9.33083e-30
1	-0.147276	0.17211
2	0.379836	0.00743173
3	0.41234	2.72553e-29
4	-0.00171741	0.431618
5	-0.210004	0.165574
6	0.0247417	0.00292488
7	0.13111	3.7786e-30
8	0.317565	5.97173e-30
9	-0.188929	0.475295
10	0.289797	0.646768
1	-0.0762559	0.487333
2	0.135032	5.18517e-30
3	-0.329747	0.0347989
4	0.230211	0.178844
5	-0.487384	5.53866e-29
6	-0.311823	1.64377e-29
7	-0.124006	1.14777e-29
8	-0.122235	0.0
9	0.56522	1.5202e-28
10	0.0599754	0.450728
1	-0.257771	0.520285
2	-0.419424	0.105182
3	-0.0367681	2.12546e-32
4	0.278627	4.22278e-30
5	-0.162855	1.22462
6	-0.176701	1.36408e-29
7	-0.156903	0.010895
8	0.269074	0.00413469
9	-0.382775	1.78165e-29
10	-0.0724371	0.157857
1	-0.725689	0.202117
2	0.130382	0.000669693
3	-0.57108	1.09021e-28
4	0.338739	0.211333
5	0.466509	1.07374e-29
6	0.47933	9.23182e-29
7	0.0136919	2.71105e-33
8	-0.0105648	2.71105e-33
9	-0.185073	0.403873
10	-0.37137	0.0468299
1	-0.189183	0.00848958
2	0.216479	0.894507
3	-0.751733	1.20928e-28
4	0.326419	2.96427e-30
5	0.391734	0.152764
6	0.556741	4.29496e-29
7	-0.134641	3.46166e-30
8	-0.714468	0.000303845
9	-0.230135	1.59904e-29
10	-0.254679	8.66456e-30
1	0.257779	2.77612e-32
2	0.00835911	0.033318
3	-0.0262007	0.295731
4	-0.107681	0.70535
5	-0.227322	2.28135e-29
6	0.192944	1.3603e-30
7	0.208168	0.000818004
8	-0.733989	2.77612e-30
9	-0.830081	0.00905123
10	-0.105233	4.87382e-30
1	0.0414466	4.33768e-32
2	0.0488216	5.01436e-31
3	0.361898	6.39617e-29
4	0.344013	0.143461
5	0.163062	0.154047
6	-0.201503	1.62133e-29
7	0.346296	0.00952484
8	-0.202755	1.19477
9	-0.520569	0.00709759
10	0.292306	3.02319e-29
1	0.334998	0.0561277
2	0.328117	0.115434
3	-0.315475	0.18531
4	-0.259499	1.82884e-29
5	0.0966155	2.77612e-30
6	0.259498	8.20767e-05
7	0.215148	0.318714
8	0.550476	7.10686e-30
9	0.116318	0.0481338
10	-0.133189	0.664251
1	-0.196939	0.194214
2	0.382884	1.68911e-29
3	-0.369614	0.297822
4	0.529153	1.68911e-29
5	-0.260533	0.0225158
6	0.0414342	0.27959
7	0.233121	3.93869e-29
8	0.0586681	0.170028
9	0.0993768	4.8127e-30
10	0.276328	1.42631e-29
1	0.236177	0.000111615
2	0.0805317	1.56156e-30
3	-0.165404	2.24865e-30
4	-0.317031	2.66785e-29
5	-0.43188	6.30764e-29
6	0.0429899	0.668105
7	-0.356491	0.00062207
8	0.342924	0.366331
9	0.249239	0.0182801
10	0.183142	0.256258
1	-0.247851	0.000629064
2	0.448868	0.169001
3	-0.101198	6.26361e-31
4	-0.588614	0.134642
5	0.0186753	3.91476e-32
6	0.425594	0.117527
7	0.323553	1.11045e-31
8	-0.427489	0.119676
9	-0.054958	0.000527675
10	0.534609	6.21973e-29
1	-0.177615	0.214803
2	-0.306292	0.0055429
3	-0.543332	0.021473
4	0.0374956	0.235388
5	0.582147	0.258251
6	0.0760894	0.000790043
7	-0.115039	5.50615e-30
8	0.484752	0.0101285
9	-0.83157	0.0393613
10	0.251804	1.68911e-29
1	-0.0798322	1.56156e-30
2	-0.904586	0.00010955
3	0.57721	0.0682618
4	-0.632502	0.0915582
5	-0.262511	1.58532e-06
6	0.366794	6.94029e-31
7	0.192364	0.204632
8	0.403576	1.46856e-29
9	0.150529	2.50544e-30
10	-0.561948	0.00957212
1	0.292159	2.44329e-29
2	-0.235707	4.69163e-30
3	0.19199	0.0882637
4	-0.317526	0.16626
5	-0.47052	7.03313e-29
6	0.361907	1.26344e-29
7	0.142187	0.315014
8	0.197501	0.000123773
9	0.212578	5.70337e-30
10	0.206894	5.21293e-31
1	-0.226969	2.01895e-05
2	-0.00417386	0.80355
3	-0.540595	0.000218676
4	-0.201281	6.82525e-06
5	0.527529	0.00164843
6	0.54261	0.0911424
7	0.490308	0.000876957
8	-0.311343	0.539776
9	-0.309358	0.000152181
10	-0.372123	0.00888494
1	-0.39782	0.00147863
2	-0.209166	1.73507e-31
3	-0.0857882	0.291809
4	-0.302352	8.99461e-30
5	-0.096892	8.63778e-07
6	0.112979	9.17853e-31
7	0.216348	0.0220603
8	0.292931	5.18517e-30
9	0.3658	3.40074e-29
10	0.208514	0.0592598
1	-0.405016	0.125179
2	-0.340196	1.30323e-29
3	0.12412	5.18517e-30
4	-0.065052	0.374126
5	0.303873	9.67322e-30
6	-0.309885	8.34068e-30
7	-0.0780067	0.943139
8	0.258592	3.29803e-06
9	0.462902	2.92343e-05
10	-0.136002	2.77612e-30
1	0.748544	0.040735
2	0.155192	0.5896
3	0.149019	1.97413e-31
4	-0.321766	0.0203974
5	-0.15807	9.99401e-31
6	0.040177	0.23773
7	0.204195	0.160433
8	0.239213	1.68911e-29
9	0.394724	2.07407e-29
10	-0.135023	1.51144e-31
1	-0.500353	0.149537
2	0.237821	2.2286e-29
3	0.197585	4.33768e-30
4	-0.00238743	1.88267e-33
5	0.754831	1.92786e-28
6	0.212966	0.516694
7	0.0705667	0.000337436
8	0.347188	5.05376e-29
9	0.0915449	0.555206
10	0.00972259	9.78689e-33
1	0.126967	2.4183e-30
2	-0.640941	0.100064
3	-0.287235	0.0846845
4	0.030707	0.021057
5	0.411882	4.81964e-29
6	0.395953	2.61078e-29
7	0.520478	0.1312
8	0.179848	0.0264449
9	-0.145422	6.24626e-32
10	-0.458346	2.55433e-29
1	0.599418	2.14982e-28
2	-0.460705	1.11045e-31
3	0.347881	0.414968
4	0.204113	2.36163e-29
5	0.100262	0.569643
6	0.293504	5.62163e-29
7	0.514758	0.0133813
8	-0.0641486	2.33271e-30
9	-0.057853	0.16959
10	-0.0537546	1.50995e-30
1	-0.033055	5.62163e-31
2	0.114409	5.01436e-31
3	0.352387	5.05376e-29
4	-0.493627	2.93351e-06
5	0.480324	5.4563e-29
6	0.249946	0.197869
7	-0.157522	5.21293e-31
8	0.788117	7.71143e-30
9	-0.220671	0.0230231
10	0.609565	4.00871e-29
1	0.519498	0.0389628
2	-0.0769202	9.4465e-31
3	-0.823837	7.89651e-31
4	0.111068	0.634387
5	0.238533	0.313532
6	0.611921	0.0332796
7	-0.00222377	0.00108808
8	-0.244801	0.335037
9	0.358519	0.00180238
10	-0.175826	0.168886
1	0.0676969	1.92786e-32
2	0.238474	0.711751
3	-0.267641	1.59904e-29
4	-0.414369	3.46583e-29
5	0.704277	1.60348e-28
6	0.0803376	6.26361e-31
7	-0.082729	0.000599601
8	-0.338147	0.29441
9	-0.181546	1.30323e-29
10	0.139048	0.000291254
1	-0.0740329	0.0
2	-0.421339	6.52696e-30
3	-0.265642	0.00633911
4	0.494774	0.470846
5	-0.370367	3.73233e-29
6	-0.392848	0.00343943
7	0.460935	6.94029e-31
8	-0.0369046	6.26361e-31
9	0.173261	5.05947e-30
10	-0.0547103	0.508247
1	-0.161403	6.94029e-31
2	-0.129566	1.3603e-30
3	-0.235654	6.94029e-31
4	-0.233148	0.00043657
5	-0.055106	7.7736e-31
6	-0.192184	4.45412e-30
7	-0.384848	9.67322e-30
8	-0.112865	3.7786e-30
9	0.550032	0.115427
10	0.0699658	0.000892054
1	-0.0943933	1.29629e-30
2	-0.514781	1.68899e-28
3	-0.484684	0.426132
4	-0.152662	2.77612e-32
5	0.185357	4.69163e-30
6	0.659479	0.110722
7	-0.406304	0.337915
8	0.0236372	0.317477
9	0.0224265	0.336909
10	0.332647	1.34364e-29
1	-0.164802	1.11045e-31
2	0.461379	0.185026
3	-0.376169	0.881308
4	-0.153892	1.05569e-30
5	-0.217656	0.428557
6	0.476043	3.08457e-33
7	-0.048722	4.44178e-31
8	0.19716	1.11045e-31
9	0.565832	0.302988
10	-0.322052	0.085389
1	-0.183866	1.18571e-29
2	-0.0272653	2.82058e-31
3	-0.239783	8.89863e-06
4	-0.421966	6.75645e-29
5	0.0510408	4.33768e-34
6	0.0778353	2.82258e-30
7	0.268286	0.0191272
8	0.16642	0.179744
9	-0.466877	1.30323e-29
10	-0.172063	4.44178e-31
1	-0.123886	0.00414466
2	0.253048	0.00197637
3	-0.114695	0.0990768
4	0.0428755	0.158814
5	-0.198218	0.213783
6	-0.118334	0.192988
7	0.325027	0.00135826
8	0.205151	0.2057
9	0.351931	0.00015478
10	-0.0148142	0.000271503
1	-0.0777221	0.447785
2	0.016466	3.01228e-32
3	0.549589	3.46583e-29
4	0.0814847	0.0949527
5	0.372008	0.131256
6	-0.153968	0.461697
7	-0.144377	6.04576e-31
8	-0.265223	8.02297e-30
9	0.153649	5.21293e-31
10	0.33019	0.000655942
1	-0.55378	0.142374
2	-0.436369	2.17647e-29
3	0.447973	9.66366e-29
4	0.207436	7.25569e-30
5	-0.485057	0.0349276
6	0.311788	0.280124
7	-0.44589	1.14777e-29
8	-0.235362	1.00218e-29
9	-0.088397	3.56577e-30
10	0.00653179	0.352484
1	-0.348793	5.13304e-29
2	-0.29085	2.59413e-30
3	0.415912	5.70337e-30
4	-0.15398	0.479099
5	-0.124518	1.92786e-30
6	0.0282389	0.0859355
7	-0.25485	1.68911e-29
8	0.107668	1.92786e-34
9	0.0167442	2.13137e-31
10	-0.0515162	6.59761e-31
1	-0.684843	0.0678888
2	-0.384642	2.02379e-29
3	-0.17113	0.817643
4	-0.311228	0.336239
5	0.369819	6.48531e-29
6	0.401152	9.23182e-29
7	0.509454	0.0931118
8	0.0843326	8.91441e-31
9	0.308454	1.22427e-29
10	-0.0348822	3.73233e-31
1	-0.188999	0.00575281
2	-0.022084	6.42097e-32
3	-0.0742269	0.17106
4	0.186798	1.42631e-29
5	0.77993	1.25863e-28
6	-0.760628	0.102958
7	0.175442	2.16614e-30
8	-0.679605	0.0155267
9	-0.0840474	1.30323e-31
10	0.132821	1.05569e-30
1	0.544161	0.00125471
2	0.749079	0.00643157
3	-0.48018	7.61471e-06
4	-0.519961	5.85971e-05
5	0.0494979	6.59761e-31
6	0.573286	0.0319384
7	0.429939	0.0263606
8	-0.151928	0.0615849
9	0.599605	0.107952
10	-0.0945563	0.346845
1	-0.254618	0.214765
2	-0.448123	5.21293e-31
3	0.537386	1.09021e-28
4	0.518774	5.53866e-29
5	0.152884	1.97413e-31
6	0.516322	1.02812e-05
7	0.309619	5.97173e-30
8	0.50423	1.04431e-28
9	-0.700436	4.00871e-29
10	0.13859	4.8127e-30
1	0.310786	0.241829
2	0.291608	5.97173e-30
3	-0.15078	0.00466909
4	-0.302158	0.12475
5	-0.0225218	0.208375
6	-0.246979	0.00389779
7	-0.565381	0.116593
8	-0.370873	5.9597e-29
9	0.438663	2.96242e-29
10	-0.170483	3.3591e-30
1	-0.161181	2.24865e-30
2	-0.0374371	0.272494
3	-0.40409	0.150405
4	0.120562	1.24811
5	0.315674	7.89651e-31
6	-0.185745	4.22278e-30
7	0.238687	2.50544e-30
8	-0.157039	0.511007
9	-0.368164	9.33083e-30
10	-0.231021	0.0776633
1	-0.290379	8.99461e-30
2	0.479298	1.22427e-29
3	0.24959	2.4183e-30
4	-0.212499	1.66636e-29
5	-0.143617	8.39775e-31
6	-0.0502758	0.704645
7	-0.51146	1.77671e-28
8	0.34933	3.73233e-29
9	0.413323	0.610845
10	-0.415782	1.22427e-29

