1	1	1007	20.2528	0.103501
1	2	1007	0.0	0.0
1	3	1007	0.0	0.0
1	4	1007	0.0	0.0
1	5	1007	0.0	0.0
1	6	1007	0.0	0.0
1	7	1007	0.0	0.0
1	8	1007	0.0	0.0
1	9	1007	0.0	0.0
1	10	1007	0.0	0.0
2	1	1019	19.6305	2.09158
2	2	1019	0.0	0.0
2	3	1019	0.0	0.0
2	4	1019	0.0	0.0
2	5	1019	0.0	0.0
2	6	1019	0.0	0.0
2	7	1019	-0.000320118	5.21599e-05
2	8	1019	1.59213e-05	2.58304e-07
2	9	1019	0.0	0.0
2	10	1019	0.0	0.0
3	1	1005	20.5405	0.938924
3	2	1005	0.0	0.0
3	3	1005	0.0	0.0
3	4	1005	0.0	0.0
3	5	1005	-6.21102e-05	4.27342e-07
3	6	1005	0.0	0.0
3	7	1005	0.0	0.0
3	8	1005	0.0	0.0
3	9	1005	0.00550775	0.00102196
3	10	1005	0.0	0.0
4	1	965	20.6161	0.00983525
4	2	965	0.0	0.0
4	3	965	0.0	0.0
4	4	965	0.0	0.0
4	5	965	0.0	0.0
4	6	965	0.0	0.0
4	7	965	0.0	0.0
4	8	965	0.0	0.0
4	9	965	0.0	0.0
4	10	965	0.0	0.0
5	1	958	16.9031	7.89685e-27
5	2	958	0.0	0.0
5	3	958	0.0	0.0
5	4	958	0.0	0.0
5	5	958	0.0	0.0
5	6	958	0.0	0.0
5	7	958	0.00147075	0.000516442
5	8	958	0.0	0.0
5	9	958	0.0	0.0
5	10	958	-0.000544568	0.000141901
6	1	957	17.4657	0.243867
6	2	957	0.000436992	0.00018275
6	3	957	0.0	0.0
6	4	957	0.0	0.0
6	5	957	0.0	0.0
6	6	957	0.00193315	0.000294603
6	7	957	0.0	0.0
6	8	957	0.0	0.0
6	9	957	0.0	0.0
6	10	957	0.0	0.0
7	1	952	20.1167	0.439302
7	2	952	0.0	0.0
7	3	952	0.0	0.0
7	4	952	0.0	0.0
7	5	952	0.0	0.0
7	6	952	0.0	0.0
7	7	952	0.0	0.0
7	8	952	0.0	0.0
7	9	952	0.0	0.0
7	10	952	0.0	0.0
8	1	954	20.2874	1.64974
8	2	954	0.0	0.0
8	3	954	0.0	0.0
8	4	954	0.0	0.0
8	5	954	0.0	0.0
8	6	954	0.0	0.0
8	7	954	0.0	0.0
8	8	954	0.0	0.0
8	9	954	0.0	0.0
8	10	954	0.0	0.0
9	1	1037	18.9691	3.23429e-27
9	2	1037	0.0	0.0
9	3	1037	0.0	0.0
9	4	1037	0.0	0.0
9	5	1037	0.0	0.0
9	6	1037	0.0	0.0
9	7	1037	0.0	0.0
9	8	1037	0.0	0.0
9	9	1037	0.0	0.0
9	10	1037	0.0	0.0
10	1	970	19.7301	3.41645e-26
10	2	970	0.0	0.0
10	3	970	0.0	0.0
10	4	970	0.0	0.0
10	5	970	0.0	0.0
10	6	970	0.0	0.0
10	7	970	0.0	0.0
10	8	970	0.0	0.0
10	9	970	0.0	0.0
10	10	970	0.0	0.0
11	1	985	19.0167	0.0306187
11	2	985	0.0	0.0
11	3	985	0.0	0.0
11	4	985	0.0	0.0
11	5	985	0.0	0.0
11	6	985	0.0	0.0
11	7	985	0.0	0.0
11	8	985	0.0	0.0
11	9	985	0.0	0.0
11	10	985	-0.000149062	4.35946e-06
12	1	931	16.6484	8.9155e-26
12	2	931	0.0	0.0
12	3	931	0.0	0.0
12	4	931	0.0	0.0
12	5	931	0.0	0.0
12	6	931	0.0	0.0
12	7	931	0.0	0.0
12	8	931	-0.000501302	0.000116856
12	9	931	0.0	0.0
12	10	931	0.0	0.0
13	1	1006	19.7277	1.27923
13	2	1006	0.0	0.0
13	3	1006	0.0	0.0
13	4	1006	0.0	0.0
13	5	1006	0.0	0.0
13	6	1006	0.0	0.0
13	7	1006	0.0	0.0
13	8	1006	0.0	0.0
13	9	1006	0.000135311	9.20025e-06
13	10	1006	0.0	0.0
14	1	965	19.5081	0.0919394
14	2	965	0.0	0.0
14	3	965	0.0	0.0
14	4	965	0.0	0.0
14	5	965	0.0	0.0
14	6	965	0.0	0.0
14	7	965	0.0	0.0
14	8	965	0.0	0.0
14	9	965	0.0	0.0
14	10	965	0.0	0.0
15	1	1008	19.6702	0.0138431
15	2	1008	0.0	0.0
15	3	1008	0.0	0.0
15	4	1008	0.0	0.0
15	5	1008	0.0	0.0
15	6	1008	0.0	0.0
15	7	1008	-0.000635097	8.09921e-05
15	8	1008	8.84052e-05	7.87801e-06
15	9	1008	0.0	0.0
15	10	1008	0.0	0.0
16	1	998	19.8265	6.00225e-05
16	2	998	0.0	0.0
16	3	998	0.0	0.0
16	4	998	0.0	0.0
16	5	998	0.0	0.0
16	6	998	0.0	0.0
16	7	998	0.0	0.0
16	8	998	0.0	0.0
16	9	998	0.0	0.0
16	10	998	0.0	0.0
17	1	989	19.7491	3.65138e-27
17	2	989	0.0	0.0
17	3	989	0.0	0.0
17	4	989	0.0	0.0
17	5	989	0.0	0.0
17	6	989	0.000619328	5.38634e-05
17	7	989	0.0	0.0
17	8	989	0.0	0.0
17	9	989	0.0	0.0
17	10	989	0.0	0.0
18	1	1028	20.406	5.05363e-29
18	2	1028	0.0	0.0
18	3	1028	0.0	0.0
18	4	1028	-0.000263815	7.15473e-05
18	5	1028	0.0	0.0
18	6	1028	0.0	0.0
18	7	1028	0.0	0.0
18	8	1028	0.0	0.0
18	9	1028	0.0	0.0
18	10	1028	0.0	0.0
19	1	939	17.0854	9.90602e-27
19	2	939	0.00105197	0.000206943
19	3	939	0.0	0.0
19	4	939	0.0	0.0
19	5	939	0.0	0.0
19	6	939	0.0	0.0
19	7	939	0.0	0.0
19	8	939	0.0	0.0
19	9	939	0.0	0.0
19	10	939	0.000370721	0.000129051
20	1	953	18.4049	9.56346e-26
20	2	953	0.0	0.0
20	3	953	0.0	0.0
20	4	953	0.000692553	0.000457087
20	5	953	0.0	0.0
20	6	953	0.0	0.0
20	7	953	0.0	0.0
20	8	953	0.0	0.0
20	9	953	0.0	0.0
20	10	953	0.0	0.0
21	1	1008	20.3265	3.19615
21	2	1008	0.0	0.0
21	3	1008	0.0	0.0
21	4	1008	0.0	0.0
21	5	1008	0.0	0.0
21	6	1008	0.0	0.0
21	7	1008	0.0	0.0
21	8	1008	0.0	0.0
21	9	1008	0.0	0.0
21	10	1008	0.0	0.0
22	1	1008	20.083	1.62967
22	2	1008	0.0	0.0
22	3	1008	0.0	0.0
22	4	1008	0.0	0.0
22	5	1008	0.0	0.0
22	6	1008	0.0	0.0
22	7	1008	0.0	0.0
22	8	1008	-0.000514281	0.000266601
22	9	1008	0.0	0.0
22	10	1008	0.0	0.0
23	1	930	15.6313	0.000312047
23	2	930	0.0	0.0
23	3	930	0.0	0.0
23	4	930	0.0	0.0
23	5	930	0.0	0.0
23	6	930	0.0	0.0
23	7	930	0.0	0.0
23	8	930	0.0	0.0
23	9	930	0.0	0.0
23	10	930	-0.000288491	7.74014e-05
24	1	1025	19.7684	1.41972
24	2	1025	0.0	0.0
24	3	1025	0.0	0.0
24	4	1025	0.0	0.0
24	5	1025	0.0	0.0
24	6	1025	0.0	0.0
24	7	1025	0.0	0.0
24	8	1025	0.0	0.0
24	9	1025	0.0	0.0
24	10	1025	0.0	0.0
25	1	983	17.8506	0.0113924
25	2	983	0.0	0.0
25	3	983	0.0	0.0
25	4	983	0.0	0.0
25	5	983	0.0	0.0
25	6	983	0.0	0.0
25	7	983	0.0	0.0
25	8	983	0.0	0.0
25	9	983	0.0	0.0
25	10	983	0.0	0.0
26	1	987	19.3383	1.13711e-28
26	2	987	0.0	0.0
26	3	987	-0.0018308	0.00165245
26	4	987	0.0	0.0
26	5	987	0.0	0.0
26	6	987	0.0	0.0
26	7	987	0.0	0.0
26	8	987	0.0	0.0
26	9	987	0.0	0.0
26	10	987	-0.000593923	0.000348158
27	1	979	16.9984	1.02341e-25
27	2	979	0.0	0.0
27	3	979	0.0	0.0
27	4	979	0.0	0.0
27	5	979	0.0	0.0
27	6	979	0.0	0.0
27	7	979	-0.00137131	0.000228476
27	8	979	0.0	0.0
27	9	979	-0.000927403	5.0081e-06
27	10	979	0.0	0.0
28	1	972	20.3891	0.00869048
28	2	972	0.0	0.0
28	3	972	0.0	0.0
28	4	972	0.0	0.0
28	5	972	0.0	0.0
28	6	972	0.0	0.0
28	7	972	0.00132429	0.00170463
28	8	972	0.0	0.0
28	9	972	0.0	0.0
28	10	972	0.0	0.0
29	1	975	19.6683	5.17519e-26
29	2	975	0.0	0.0
29	3	975	0.0	0.0
29	4	975	0.0	0.0
29	5	975	0.0	0.0
29	6	975	0.0	0.0
29	7	975	0.0	0.0
29	8	975	0.0	0.0
29	9	975	0.00039158	8.64975e-06
29	10	975	0.0	0.0
30	1	999	19.362	0.0126683
30	2	999	0.0	0.0
30	3	999	0.0	0.0
30	4	999	0.0	0.0
30	5	999	0.0	0.0
30	6	999	0.0	0.0
30	7	999	0.000746417	7.39529e-06
30	8	999	0.0	0.0
30	9	999	0.0	0.0
30	10	999	0.0	0.0
31	1	940	18.3339	0.00774346
31	2	940	0.0	0.0
31	3	940	0.0	0.0
31	4	940	0.0	0.0
31	5	940	0.0	0.0
31	6	940	0.0	0.0
31	7	940	0.0	0.0
31	8	940	0.0	0.0
31	9	940	0.00360422	0.00173327
31	10	940	0.0	0.0
32	1	988	19.078	0.00207951
32	2	988	0.0	0.0
32	3	988	0.0	0.0
32	4	988	0.0	0.0
32	5	988	0.0	0.0
32	6	988	0.000702818	9.72096e-05
32	7	988	0.0	0.0
32	8	988	0.0	0.0
32	9	988	0.0	0.0
32	10	988	0.0	0.0
33	1	984	18.0524	0.000752444
33	2	984	0.0	0.0
33	3	984	-3.93934e-05	1.52701e-06
33	4	984	0.0	0.0
33	5	984	0.0	0.0
33	6	984	0.0	0.0
33	7	984	0.0	0.0
33	8	984	0.000489173	7.83275e-05
33	9	984	0.0	0.0
33	10	984	0.0	0.0
34	1	986	20.5189	0.00999014
34	2	986	0.000570668	0.000160388
34	3	986	0.0	0.0
34	4	986	0.0	0.0
34	5	986	0.0	0.0
34	6	986	0.0	0.0
34	7	986	-0.000193357	1.22629e-05
34	8	986	0.0	0.0
34	9	986	0.0	0.0
34	10	986	0.0	0.0
35	1	1038	19.051	1.9426e-25
35	2	1038	0.0	0.0
35	3	1038	0.0	0.0
35	4	1038	0.0	0.0
35	5	1038	0.0	0.0
35	6	1038	-0.002945	0.000103806
35	7	1038	0.0	0.0
35	8	1038	0.0	0.0
35	9	1038	0.0	0.0
35	10	1038	0.0	0.0
36	1	978	20.2313	9.9056e-27
36	2	978	-0.000891797	0.000388505
36	3	978	0.0	0.0
36	4	978	0.0	0.0
36	5	978	0.0	0.0
36	6	978	0.0	0.0
36	7	978	0.0	0.0
36	8	978	0.0	0.0
36	9	978	0.0	0.0
36	10	978	0.0	0.0
37	1	999	18.8963	6.11506e-27
37	2	999	0.0	0.0
37	3	999	0.0	0.0
37	4	999	0.0	0.0
37	5	999	0.0	0.0
37	6	999	0.0	0.0
37	7	999	0.00134091	0.000385026
37	8	999	0.0	0.0
37	9	999	0.0	0.0
37	10	999	0.0	0.0
38	1	994	20.0919	1.16627
38	2	994	0.0	0.0
38	3	994	0.0	0.0
38	4	994	0.0	0.0
38	5	994	0.0	0.0
38	6	994	0.0	0.0
38	7	994	0.0	0.0
38	8	994	0.0	0.0
38	9	994	8.71862e-05	7.55582e-06
38	10	994	0.0	0.0
39	1	993	20.4392	3.10832
39	2	993	0.0	0.0
39	3	993	0.0	0.0
39	4	993	0.0	0.0
39	5	993	0.0	0.0
39	6	993	0.0	0.0
39	7	993	0.0	0.0
39	8	993	0.0	0.0
39	9	993	-0.000897868	3.92596e-05
39	10	993	0.0	0.0
40	1	986	20.1506	1.22097
40	2	986	0.0	0.0
40	3	986	0.0	0.0
40	4	986	0.000704757	0.000122059
40	5	986	0.00289261	0.000542185
40	6	986	0.0	0.0
40	7	986	0.0	0.0
40	8	986	0.0	0.0
40	9	986	0.000999053	0.000984134
40	10	986	0.0	0.0
41	1	986	19.9794	0.00600157
41	2	986	0.0	0.0
41	3	986	0.0	0.0
41	4	986	0.0	0.0
41	5	986	0.0	0.0
41	6	986	0.0	0.0
41	7	986	-0.0016846	9.37455e-05
41	8	986	0.0	0.0
41	9	986	0.0	0.0
41	10	986	0.0	0.0
42	1	978	19.9873	0.00584951
42	2	978	0.0	0.0
42	3	978	0.0	0.0
42	4	978	0.0	0.0
42	5	978	0.0	0.0
42	6	978	0.0	0.0
42	7	978	0.0	0.0
42	8	978	0.0	0.0
42	9	978	0.0	0.0
42	10	978	0.0	0.0
43	1	1040	20.328	0.00206716
43	2	1040	0.0	0.0
43	3	1040	0.0	0.0
43	4	1040	0.0	0.0
43	5	1040	0.0	0.0
43	6	1040	0.0	0.0
43	7	1040	0.0	0.0
43	8	1040	0.0	0.0
43	9	1040	0.0	0.0
43	10	1040	0.0	0.0
44	1	996	20.2009	1.85525
44	2	996	0.0	0.0
44	3	996	0.0	0.0
44	4	996	0.0	0.0
44	5	996	0.0	0.0
44	6	996	0.0	0.0
44	7	996	-0.00221343	0.000809196
44	8	996	0.0	0.0
44	9	996	0.0	0.0
44	10	996	0.0	0.0
45	1	1010	20.6411	1.52875e-25
45	2	1010	0.0	0.0
45	3	1010	0.0	0.0
45	4	1010	0.0	0.0
45	5	1010	0.0	0.0
45	6	1010	0.0	0.0
45	7	1010	0.0	0.0
45	8	1010	-0.00169392	0.000875134
45	9	1010	0.0	0.0
45	10	1010	0.0	0.0
46	1	1038	19.8483	9.21015e-27
46	2	1038	0.0	0.0
46	3	1038	0.0	0.0
46	4	1038	0.0	0.0
46	5	1038	0.0	0.0
46	6	1038	0.0	0.0
46	7	1038	-0.0155765	3.68991e-33
46	8	1038	0.0	0.0
46	9	1038	0.0	0.0
46	10	1038	0.0	0.0
47	1	1000	18.6104	1.78916e-25
47	2	1000	0.0	0.0
47	3	1000	0.0	0.0
47	4	1000	0.0	0.0
47	5	1000	0.0	0.0
47	6	1000	0.0	0.0
47	7	1000	0.0	0.0
47	8	1000	0.0	0.0
47	9	1000	0.0	0.0
47	10	1000	0.0	0.0
48	1	1003	20.6249	7.49092e-26
48	2	1003	0.0	0.0
48	3	1003	0.0	0.0
48	4	1003	0.0	0.0
48	5	1003	0.0	0.0
48	6	1003	0.0	0.0
48	7	1003	0.0	0.0
48	8	1003	-0.00131175	0.000190231
48	9	1003	0.0	0.0
48	10	1003	-6.27024e-05	3.94338e-06
49	1	958	17.1055	8.08638e-26
49	2	958	0.0	0.0
49	3	958	0.0	0.0
49	4	958	0.0	0.0
49	5	958	0.0	0.0
49	6	958	0.000512699	5.01535e-05
49	7	958	0.0	0.0
49	8	958	0.0	0.0
49	9	958	0.0	0.0
49	10	958	0.0	0.0
50	1	1020	19.2485	2.84269e-27
50	2	1020	0.0	0.0
50	3	1020	0.0	0.0
50	4	1020	0.0	0.0
50	5	1020	0.0	0.0
50	6	1020	0.0	0.0
50	7	1020	0.000679686	0.000230983
50	8	1020	0.0	0.0
50	9	1020	0.0	0.0
50	10	1020	0.0	0.0

