1	20.3798	0.00386752
2	-0.414275	5.4563e-29
3	0.363738	0.337751
4	-0.0853481	9.4465e-31
5	0.404016	0.385159
6	-0.340895	0.000528324
7	0.347993	1.64377e-29
8	-0.0749507	0.638416
9	-0.159219	0.185785
10	0.0294089	0.119979
1	25.9871	1.28884e-25
2	0.373978	0.42362
3	-0.278838	1.87665e-29
4	-0.559507	0.0910856
5	0.140658	0.0228778
6	0.118109	0.208917
7	0.294613	0.52125
8	0.168393	0.329697
9	-0.310674	0.0301381
10	-0.123322	9.99401e-31
1	15.5663	0.505805
2	0.0874971	4.81964e-33
3	0.398549	1.02173e-28
4	-0.361966	0.000576905
5	-0.330573	2.77612e-30
6	-0.0392518	2.54959e-32
7	-0.0013555	0.199712
8	-0.147715	0.497774
9	0.36058	0.0195453
10	-0.103007	0.00582453
1	17.435	1.52876e-27
2	-0.0169867	0.100171
3	0.293552	0.000494288
4	0.286939	0.726584
5	-0.124939	0.000426183
6	0.278566	4.74284e-29
7	-0.470166	7.22068e-29
8	-0.310196	0.00455955
9	-0.13736	7.86643e-30
10	0.242972	0.266403
1	26.8417	0.469388
2	0.27072	0.0246326
3	0.685603	0.00651128
4	0.0824713	0.00045225
5	0.00668943	0.000415521
6	0.0758846	0.011373
7	0.050353	0.135158
8	0.0371579	0.169624
9	0.144373	0.00528838
10	0.441821	0.29397
1	15.6505	7.78564e-26
2	0.443951	7.89651e-29
3	-0.117838	1.73989e-30
4	-0.145902	0.310824
5	-0.147015	1.6351
6	-0.191685	0.396994
7	0.0454261	5.00654e-05
8	-0.0376463	0.208145
9	0.189426	0.0685061
10	-0.59338	0.00350356
1	16.0023	0.0818823
2	0.702863	0.140147
3	-0.194415	0.000660748
4	-0.200602	1.11045e-29
5	-0.273605	0.160882
6	0.415809	0.800269
7	-0.170917	2.77612e-30
8	-0.135332	2.00574e-30
9	0.06471	8.39775e-31
10	0.203705	0.441542
1	12.6795	2.17596e-26
2	0.440848	0.171694
3	0.543313	0.178453
4	0.870237	0.0212784
5	-0.290935	1.11045e-31
6	0.0579023	0.000333571
7	-0.0144873	0.305861
8	0.690176	4.5834e-05
9	-0.510787	2.07407e-29
10	0.245242	5.70337e-30
1	24.7695	2.88077e-25
2	-0.0281152	1.5659e-31
3	0.0308412	0.110171
4	0.472869	0.000479484
5	0.0755246	9.33083e-32
6	-0.0818561	5.57151e-32
7	0.130763	0.0547263
8	0.566386	0.123112
9	0.487908	0.0135934
10	0.312901	0.226482
1	20.3043	4.84003e-07
2	0.635129	7.50662e-29
3	0.243453	2.08517e-30
4	-0.18238	0.124459
5	0.363329	1.78165e-29
6	-0.0523356	6.26361e-31
7	-0.551733	0.226905
8	0.0857713	1.26487e-30
9	0.220782	9.84673e-30
10	0.343802	1.64377e-29
1	24.4749	0.168002
2	0.162617	0.192416
3	0.323287	0.0177336
4	-0.196496	0.114001
5	-0.146431	0.0579678
6	-0.186929	0.515555
7	-0.250868	0.0546294
8	-0.0931134	0.119818
9	-0.27236	0.142474
10	-0.0117063	0.0343927
1	14.615	1.33451e-26
2	-0.00166278	1.93958e-33
3	-0.225128	0.0294378
4	-0.208896	0.00223075
5	-0.704186	0.351908
6	0.482983	1.70346e-28
7	0.17245	0.043108
8	-0.0908466	0.0991788
9	-0.119616	4.05332e-30
10	-0.440058	0.0124394
1	15.835	8.18741e-26
2	0.0225672	2.71105e-33
3	-0.547379	1.95883e-28
4	-0.141376	1.42631e-29
5	-0.429947	2.84274e-29
6	-0.0323041	0.6904
7	-0.127557	1.51144e-31
8	-0.000912348	0.00221644
9	-0.246718	4.57211e-30
10	0.400971	3.14657e-29
1	23.7064	0.180832
2	0.0641133	4.25864e-31
3	-0.131041	0.363866
4	-0.229316	2.68435e-30
5	0.0351086	2.33271e-32
6	0.0517107	0.000674214
7	-0.496751	5.87426e-29
8	0.591064	9.99401e-31
9	0.167239	0.440918
10	-0.117438	4.57211e-30
1	27.6616	0.0335025
2	0.502975	1.18497e-28
3	0.108634	2.2286e-31
4	-0.231919	0.179738
5	0.319338	7.50954e-06
6	-0.333164	4.22278e-30
7	-0.330459	4.74284e-29
8	0.589142	0.0260474
9	-0.393285	0.00211356
10	-0.103147	0.238255
1	21.8591	1.68501
2	-0.402023	0.000466044
3	0.222648	0.00189983
4	-0.277233	0.597633
5	0.163387	7.94546e-05
6	0.485966	0.0951135
7	0.262272	0.00133473
8	0.195777	3.41431e-05
9	-0.048788	0.000574254
10	0.0393367	0.00718437
1	22.7804	7.32618e-05
2	0.446358	0.0511709
3	-0.453991	0.0114692
4	-0.456849	0.0132465
5	-0.540944	0.166172
6	0.143884	3.76855e-05
7	0.133229	0.0886158
8	0.199882	0.00128183
9	0.0863287	0.340291
10	0.311534	0.00201368
1	18.368	0.000467139
2	-0.270104	0.000919256
3	0.481418	0.0819432
4	-0.204334	0.0929128
5	0.322385	0.255814
6	-0.0209103	5.83177e-33
7	0.183437	2.50544e-30
8	-0.185184	0.211696
9	-0.628566	0.0432799
10	0.386332	1.82884e-29
1	22.719	2.13522e-25
2	0.0100593	0.376271
3	0.0892089	3.20815e-30
4	0.48386	0.390264
5	-0.000288599	0.0374596
6	-0.0431869	5.11316e-31
7	0.0858079	2.4183e-30
8	0.210268	0.446724
9	0.336303	2.12496e-29
10	0.448368	1.00218e-29
1	14.8653	9.67322e-26
2	-0.609938	5.53866e-29
3	0.381297	0.413619
4	0.232948	6.95957e-30
5	-0.413494	0.134999
6	-0.178647	0.0697967
7	0.470242	0.157633
8	-0.277909	0.0057205
9	0.16483	0.867166
10	-0.0555264	7.17356e-31
1	20.6508	7.16258e-09
2	0.0166594	0.211835
3	-0.512662	2.72553e-29
4	-0.18167	6.66962e-30
5	-0.0203576	0.397016
6	0.288035	0.000347002
7	-0.119119	0.19192
8	0.468306	1.54352e-06
9	-0.196641	0.40566
10	-0.651779	7.10686e-30
1	21.9947	5.50355e-26
2	0.104834	2.46168e-30
3	0.304413	0.0158713
4	0.179644	0.0061331
5	0.186722	0.549629
6	0.823356	0.0317016
7	0.0710467	2.33271e-32
8	0.193313	0.0922347
9	0.227456	3.72678e-06
10	0.0659903	1.85151e-30
1	19.202	2.84274e-27
2	-0.255517	0.180267
3	0.565516	0.0690331
4	0.133257	0.0113208
5	0.0198749	0.00149281
6	0.112045	0.449514
7	-0.217619	1.78165e-29
8	0.7089	0.135536
9	0.28327	1.73507e-29
10	-0.381229	0.0291823
1	27.3055	1.00077e-25
2	-0.546224	2.28209e-28
3	0.439194	0.109277
4	0.203795	0.1261
5	-0.386583	1.68911e-29
6	-0.111752	0.000321419
7	-0.525973	0.140607
8	0.421725	0.146852
9	0.500257	1.18497e-28
10	0.103759	0.889475
1	18.4082	3.54901e-26
2	-0.418384	0.00768557
3	0.0987649	0.305719
4	0.0390373	8.91441e-31
5	0.247995	2.41591e-29
6	0.177863	0.000422689
7	0.292981	0.000364978
8	0.480785	5.18517e-30
9	0.102049	0.272203
10	-0.071274	0.000610876
1	21.0404	0.00173962
2	-0.16246	2.16614e-30
3	-0.105889	0.0107701
4	-0.42199	0.188386
5	-0.0103608	0.00686997
6	-0.0223662	0.0
7	-0.178864	1.80517e-29
8	0.320011	8.53049e-07
9	-0.586806	1.51144e-29
10	-0.275806	4.93532e-30
1	19.1027	0.0358764
2	-0.258511	0.132358
3	-0.122547	0.0665322
4	0.158915	0.626118
5	-0.56544	0.479492
6	-0.103032	0.00716369
7	-0.113763	0.0106658
8	0.216444	0.409884
9	-0.00935464	0.162971
10	-0.0451047	0.0155698
1	16.8925	0.00842262
2	0.0701536	0.675134
3	0.416285	3.86929e-29
4	0.0340875	1.97413e-31
5	0.0645056	2.33271e-30
6	-0.0694265	1.92786e-32
7	-0.253009	8.66456e-30
8	-0.177919	3.67141e-30
9	-0.186005	5.44119e-30
10	0.016739	1.56476
1	19.665	4.10492e-26
2	-0.182648	0.000528529
3	0.222046	0.460515
4	0.505496	0.123278
5	0.164585	0.000147764
6	0.190567	1.51144e-29
7	-0.159881	7.41069e-31
8	0.208546	0.000340256
9	-0.234934	0.735353
10	-1.07491	0.0291121
1	22.236	7.89651e-27
2	-0.244973	7.34325e-06
3	-0.209813	0.30376
4	-0.0971386	1.59646e-30
5	0.00453127	0.000125614
6	-0.475968	1.63174e-30
7	-0.0919302	5.01436e-31
8	0.189193	0.314381
9	0.137137	0.225618
10	-0.575223	0.0040602
1	16.9094	9.27984e-06
2	0.114738	1.96661e-30
3	0.306564	1.68911e-29
4	0.193683	0.183749
5	0.309179	4.45412e-30
6	-0.0338194	1.62133e-31
7	-0.0180749	0.180899
8	0.378491	2.55433e-29
9	-0.172183	9.16195e-30
10	0.37783	0.0748509
1	22.8509	0.380362
2	-0.0564699	1.01984e-31
3	0.405928	3.59785e-29
4	0.136486	8.39775e-31
5	-0.0510421	0.263613
6	0.0120062	1.92786e-34
7	-0.153927	3.25808e-30
8	0.062149	6.04576e-31
9	-0.27786	0.00842752
10	0.0383417	0.439679
1	21.3917	3.23441e-27
2	0.134856	0.154837
3	-0.0123808	7.04268e-05
4	0.442882	0.209679
5	0.237116	0.848654
6	-0.22845	0.246197
7	0.334968	0.000856683
8	-0.129424	7.71143e-30
9	0.433082	7.03313e-29
10	0.714856	0.11984
1	17.6993	0.106575
2	0.160225	7.71143e-34
3	-0.35923	0.405829
4	-0.311953	0.251121
5	-0.353249	3.33627e-29
6	0.330738	0.000167761
7	0.432562	0.196338
8	0.192587	1.26344e-29
9	-0.0803502	2.33271e-32
10	0.121917	1.08442e-30
1	16.3862	4.54839e-28
2	0.483791	5.4563e-29
3	0.0874274	2.2286e-31
4	0.321624	7.86298e-05
5	-0.266141	0.104901
6	1.27759	0.0134785
7	0.421552	3.66478e-29
8	0.14844	0.227592
9	0.0927035	9.4465e-33
10	0.416664	3.8005e-29
1	20.8806	1.54772e-26
2	-0.531304	0.0131773
3	0.360724	0.10807
4	-0.469911	4.89707e-29
5	0.403987	1.22427e-29
6	-0.65567	1.5202e-28
7	-0.139897	0.000326835
8	-0.264983	4.07935e-29
9	0.129452	0.00284109
10	0.137929	0.00703589
1	17.7407	2.55847e-26
2	0.312948	1.63174e-30
3	0.375926	0.212012
4	0.182437	5.97173e-30
5	0.501469	2.07407e-29
6	-0.777721	0.00175486
7	-0.0941326	0.759561
8	-0.0589326	0.06296
9	-0.123768	1.85267e-31
10	-0.104624	4.25864e-31
1	27.4624	0.741854
2	0.161367	0.177716
3	0.139363	0.0139286
4	0.397168	0.0285117
5	0.15828	0.659106
6	-0.181785	0.0717636
7	-0.201536	0.0760357
8	0.182353	0.162501
9	-0.408486	0.134433
10	0.557608	0.0957345
1	16.9967	3.75431
2	0.198173	1.03765e-29
3	-0.328258	0.286448
4	0.173058	0.0431714
5	0.39676	0.00115454
6	-0.419062	5.62163e-29
7	0.164098	0.205232
8	-0.0597624	1.23383e-30
9	-0.271192	3.08457e-33
10	-0.488472	0.00335915
1	18.6576	0.631597
2	-0.44742	0.158559
3	-0.0767074	0.234392
4	-0.102521	5.3124e-30
5	-0.483551	0.331729
6	-0.0583042	0.230866
7	0.236065	0.00805391
8	0.345003	0.197965
9	0.33224	0.584344
10	-0.23783	0.278166
1	17.5569	6.73288e-26
2	-0.263606	7.40606e-30
3	-0.130322	3.06067e-30
4	-0.534596	2.72553e-29
5	-0.57639	4.29496e-29
6	-0.20068	1.49293e-30
7	0.179215	0.0343033
8	0.269129	2.28135e-29
9	-0.00952783	0.0483745
10	-0.515602	0.191817
1	17.5063	3.28621e-26
2	-0.00328224	0.752912
3	-0.171115	6.48531e-31
4	0.178805	0.00189021
5	-0.0801497	0.407918
6	-0.136637	3.25808e-30
7	-0.340727	1.23383e-32
8	-0.299048	0.187749
9	-0.838252	0.0167347
10	-0.593705	0.0214885
1	25.3303	0.0579076
2	0.00849593	1.45794e-33
3	0.264021	1.11045e-29
4	-0.564971	1.11353e-28
5	0.0115334	3.32104e-32
6	-0.197032	0.369178
7	0.336947	1.77671e-30
8	0.151892	1.97413e-31
9	0.00690077	2.46713e-32
10	-0.521572	1.42631e-29
1	17.6529	2.84274e-27
2	0.305413	0.00219329
3	0.060854	0.00264952
4	0.383612	3.93869e-29
5	0.135094	0.305468
6	0.279331	0.768569
7	-0.164638	0.0708082
8	0.00559711	0.148953
9	-0.0780491	0.000159373
10	-0.303134	0.226036
1	19.5164	1.78916e-25
2	-0.0635495	1.77671e-30
3	-0.527783	6.75645e-29
4	0.505555	2.77612e-30
5	-0.0249519	0.297685
6	0.0385798	0.000124948
7	0.0984804	9.33083e-32
8	0.0648542	0.0136798
9	-0.276235	0.86067
10	-0.34592	0.213275
1	24.391	5.67159e-26
2	-0.0406447	0.0422643
3	-0.185851	1.63174e-30
4	-0.0869125	0.050912
5	0.353121	0.221024
6	0.43264	0.0559007
7	0.284976	0.00485628
8	0.187055	0.0965838
9	0.188898	0.00189778
10	-0.32545	0.0777757
1	10.0664	3.23441e-27
2	0.212633	0.0294266
3	-0.0255036	0.169984
4	-0.25036	3.40074e-29
5	-0.432628	0.123
6	-0.159786	1.14777e-29
7	-0.409848	0.255374
8	0.130185	1.07374e-29
9	0.351155	0.773325
10	0.373474	0.292612
1	24.7982	1.81935e-25
2	-0.597543	0.0670817
3	0.19556	1.70346e-30
4	0.658036	0.0917548
5	-0.34843	0.599108
6	-0.202518	0.000106876
7	0.245002	0.00262734
8	0.00816432	8.7838e-33
9	0.154042	0.174969
10	0.0260544	0.1724
1	18.6616	3.54901e-26
2	0.184845	2.50544e-30
3	0.570557	7.10686e-30
4	-0.228948	0.903342
5	-0.433276	1.30897e-28
6	0.624077	1.30897e-28
7	-0.10274	6.94029e-31
8	-0.257369	3.73233e-29
9	0.00160792	1.11361
10	-0.416136	0.329174
1	20.9713	7.49094e-26
2	-0.256639	0.00077394
3	-0.394092	0.00227888
4	0.28999	0.0159608
5	-0.5326	6.52696e-30
6	-0.238639	0.432792
7	0.11436	6.24626e-30
8	-0.413495	0.17604
9	0.0499184	4.34973e-31
10	-0.111427	0.265567

